-0.131341        -0.159461        -0.018517       
-0.256955        0.091666         0.035069        
-0.008093        0.117679         -0.182782       
0.104703         0.067700         0.218604        
-0.178481        -0.146989        -0.024728       
-0.038476        -0.163288        0.221459        
-0.087250        -0.123526        -0.386796       
0.017193         0.082776         -0.072125       
0.017994         0.029542         -0.330913       
0.273164         -0.048241        0.131574        
0.196350         -0.098518        0.075482        
0.104693         0.242761         0.129301        
-0.054698        0.095388         -0.063550       
0.130184         0.174807         0.094038        
-0.005397        -0.105266        0.030279        
0.016440         -0.425760        0.108435        
-0.062462        0.208026         -0.107875       
0.184752         0.123789         0.017446        
-0.014565        0.132042         -0.078998       
0.128534         -0.005644        -0.010616       
0.132576         -0.294488        -0.160093       
0.321325         0.072229         0.117145        
-0.058481        -0.097049        -0.046791       
-0.076444        -0.200569        0.222697        
-0.121584        0.071690         -0.013946       
-0.023558        -0.120666        0.294926        
0.224782         0.057982         -0.174205       
-0.082222        -0.075335        -0.116664       
0.015613         -0.081945        0.166348        
0.059194         0.067073         -0.195023       
-0.011758        -0.127180        0.013182        
-0.117491        -0.034106        -0.279473       
0.019152         0.066417         -0.027526       
-0.068453        0.078795         0.000977        
0.076507         -0.058848        -0.172513       
-0.025856        0.254338         0.150882        
0.039752         0.007336         -0.063425       
-0.023690        -0.190593        0.208741        
0.171433         -0.046182        0.095845        
0.136731         -0.322718        -0.189676       
0.364954         0.065131         -0.006044       
-0.008943        0.062141         0.130843        
-0.191503        0.240923         0.001949        
0.181086         0.230638         -0.279401       
0.021900         0.052099         -0.179990       
-0.084499        0.068062         -0.110358       
0.011733         -0.188822        -0.184663       
0.090920         -0.223021        0.150460        
0.260824         0.167268         -0.103942       
0.047927         0.008633         0.228659        
-0.102326        -0.196348        -0.033870       
-0.029344        0.169733         -0.196316       
-0.091054        -0.020938        -0.064085       
-0.150301        -0.061596        -0.004161       
0.003743         -0.109981        0.112840        
-0.143521        -0.126988        -0.260040       
-0.247346        -0.009759        -0.132043       
-0.129194        -0.043847        0.036386        
-0.145397        -0.058295        -0.110191       
0.018371         0.124959         0.035411        
0.026399         0.068230         -0.197906       
-0.051791        0.048444         0.292811        
-0.022622        0.326405         -0.033565       
0.050994         -0.220306        0.096783        
-0.377544        -0.083487        -0.305953       
-0.297960        -0.163990        0.474264        
0.402318         -0.327576        -0.191251       
0.548056         -0.143439        0.258832        
0.200913         -0.187108        0.573164        
0.032662         0.133294         0.336737        
-0.181541        0.240109         -0.217168       
-0.197841        0.100587         -0.772115       
0.183205         0.684597         0.242429        
0.499045         -0.472833        -0.269473       
-0.364558        0.284010         0.264465        
-1.239149        -0.144648        -0.363282       
-0.163183        -0.191765        0.603695        
-0.418201        0.303621         0.236073        
0.740347         0.063929         -0.414092       
-0.741666        0.472326         -0.272595       
0.516850         -0.063713        0.998384        
-0.048446        -0.204402        -0.555478       
0.421778         -0.210017        -0.188933       
-0.433943        -0.278697        -0.549482       
0.146995         -0.267720        0.973427        
0.384203         0.254402         -0.640322       
0.579882         0.283313         -0.824289       
-0.053958        -0.852705        0.292215        
0.718830         0.289270         0.323477        
0.142010         -0.538051        0.976686        
0.557543         -0.300969        -0.869546       
0.781092         0.429053         -0.320993       
-0.129343        -0.004900        0.582236        
0.630202         0.613437         -0.193285       
-0.816685        0.360480         -0.242562       
0.854923         0.672718         0.152091        
-0.330844        -0.160247        0.585865        
-0.335413        0.035015         -0.620736       
-0.299813        0.278149         0.316606        
0.189608         0.458313         -0.197560       
-0.078469        0.349139         -0.167810       
-0.384461        -0.333120        -0.065367       
-0.275347        -0.437788        -0.102681       
0.239831         0.301583         0.211520        
-0.342361        -0.606052        -0.111567       
-0.554094        0.001164         0.103213        
-0.626348        -0.553439        0.104126        
-0.023435        -0.013155        0.233835        
-0.503504        0.264596         0.549805        
0.349476         0.229908         0.256029        
0.976045         0.660733         -0.617310       
-0.754508        -0.468985        -0.040936       
0.307485         -0.457256        0.447796        
0.818765         -0.411833        -0.045918       
-0.519299        0.367730         -0.571633       
-0.305388        -0.813436        0.430676        
-0.492894        -0.506172        -0.235722       
0.155728         -0.747279        0.215960        
-0.265742        -0.300657        0.021541        
-0.002607        0.460078         0.225852        
-0.397091        -0.289896        -0.307669       
-0.207928        0.390260         0.298677        
0.613114         0.503871         0.594600        
0.227426         0.209002         -0.819116       
0.682511         0.932117         -0.449220       
-0.479217        0.862293         -0.106997       
-0.779311        -0.313811        -0.481309       
0.539032         0.066927         0.984338        
0.150524         0.414931         -0.196855       
-0.049008        0.507885         0.090896        
0.079442         0.269207         0.163292        
-0.147250        -0.264118        -0.018556       
-0.050065        -0.197501        -0.056531       
0.144245         0.334909         -0.152881       
-0.028088        0.065507         -0.030204       
0.021564         0.803175         0.148370        
-0.063116        -0.214223        -0.020259       
0.052264         -0.655553        -0.068057       
0.146469         -0.229684        -0.024363       
0.046645         -0.726973        0.008679        
0.043140         -0.643610        0.048461        
-0.060203        0.216221         0.016861        
0.089714         0.067372         0.032283        
0.288417         -0.282860        0.028029        
0.105853         -0.254619        -0.222407       
0.057539         -0.483767        0.080929        
0.035883         -0.664263        -0.144255       
-0.071117        -0.404034        0.135325        
-0.065292        -0.512975        0.084780        
0.171563         -0.117973        0.223109        
0.056777         0.603293         -0.039712       
0.116500         0.897516         -0.116491       
-0.212697        0.506954         -0.105106       
-0.124427        0.507113         -0.144744       
-0.172544        -0.614936        0.001632        
-0.157007        0.166513         -0.031645       
-0.144597        -0.118067        -0.182958       
-0.024677        -0.410504        -0.128838       
-0.019889        -0.059433        0.218295        
-0.313582        -0.737137        0.022074        
0.203394         -0.307229        -0.138604       
0.201481         0.726968         0.004954        
-0.087320        0.027023         0.136424        
0.005197         -0.687786        0.229097        
-0.084817        0.321897         -0.058504       
-0.018763        -0.424072        0.115205        
-0.003745        0.464967         -0.023670       
-0.153240        0.012539         -0.010855       
0.114699         0.064992         0.096552        
0.345830         0.417325         -0.019471       
0.120006         0.196238         -0.081220       
-0.079908        0.021438         -0.125613       
-0.093182        0.121950         0.110049        
-0.122354        -0.817358        -0.044040       
0.007074         -0.016103        -0.069967       
-0.037486        -0.099893        0.121821        
0.075772         -0.664271        -0.181206       
-0.226084        -0.234501        0.177409        
0.132319         -0.606959        0.226976        
-0.129404        0.029229         0.186893        
0.056739         0.665636         0.068863        
-0.078756        0.809744         -0.047273       
-0.034959        0.193098         0.022368        
0.030271         0.638436         -0.062460       
-0.091773        0.550688         0.040117        
0.068166         0.590126         -0.136471       
0.062242         -0.533514        0.066894        
0.026888         -0.754975        -0.035342       
0.035269         -0.039309        0.149545        
0.126378         -0.914438        -0.008972       
0.234413         0.567682         0.026441        
-0.235175        -0.207083        0.122246        
0.050205         0.001871         0.021681        
0.198508         0.171283         -0.299009       
-0.055099        -0.091336        0.241004        
-0.045352        -0.129926        -0.371798       
0.000291         -0.049672        0.518698        
0.072007         0.153599         -0.462035       
0.161385         0.056180         0.366750        
-0.075558        0.125444         0.221822        
0.043365         0.057362         0.690409        
0.036451         -0.072301        -0.764312       
-0.016188        0.064345         0.660000        
0.239451         0.139608         -0.229149       
0.286810         0.105187         -0.523164       
0.065836         -0.251702        0.100338        
0.081384         -0.090382        0.079079        
-0.185772        0.051602         0.255917        
0.055444         -0.085542        0.061462        
-0.066555        0.173090         -0.777232       
0.173635         0.215751         0.369861        
-0.031585        0.135952         0.411959        
-0.076033        0.222814         -0.703206       
0.066980         0.022575         -0.313914       
0.064147         -0.080142        0.948159        
0.037235         -0.021498        0.650678        
-0.181338        0.043994         0.005006        
-0.150418        -0.141752        -0.457140       
-0.126852        0.071391         -0.162828       
-0.066106        0.117217         0.736801        
-0.262931        0.063774         -0.261225       
-0.000934        -0.112658        -0.115795       
-0.045207        0.104965         0.786506        
-0.064442        -0.091410        -0.535300       
-0.192758        -0.029079        -0.397837       
0.375071         0.017855         0.044019        
-0.090257        -0.068380        -0.029311       
0.119457         -0.014526        -0.273504       
-0.169032        -0.130019        0.279135        
-0.047597        0.062534         -0.328081       
0.037424         -0.033217        0.440078        
-0.154083        -0.070672        0.314812        
-0.048657        -0.038578        0.288265        
0.055399         0.024373         -0.621029       
-0.018136        0.070167         0.250529        
-0.058791        -0.007855        -0.323653       
0.083916         0.139835         0.021620        
0.027406         -0.083152        -0.331837       
-0.064274        -0.117566        0.936068        
-0.019252        0.136056         -0.552588       
0.110899         -0.103147        -0.506481       
0.004255         0.124675         -0.253164       
-0.210774        0.068752         0.736255        
0.179392         0.050732         -0.467051       
0.144128         -0.038535        -0.254297       
0.030289         -0.022193        0.428254        
-0.166270        0.103863         0.054220        
0.192688         0.104803         0.043974        
-0.180532        0.112962         0.602045        
0.255651         -0.072041        0.219563        
-0.097787        0.091306         -0.420469       
0.024318         -0.149603        -0.592553       
-0.225285        0.104438         0.264122        
-0.041729        -0.337093        0.022950        
0.214667         0.027914         0.030546        
0.101458         -0.003290        -0.852862       
-0.026472        0.054381         -0.001811       
0.763648         -0.064819        -0.121347       
-0.135496        0.114723         0.220192        
0.278185         -0.063440        -0.021391       
0.796545         -0.024138        -0.128539       
-0.090777        0.133123         -0.177684       
0.441486         0.041959         0.142119        
-0.299489        0.047420         -0.100574       
-0.219447        0.040431         0.019143        
-1.028126        0.035795         -0.200294       
-0.233334        -0.123648        0.027407        
0.324910         0.050829         0.192563        
-0.056795        -0.019685        -0.040404       
0.048399         -0.270824        0.014914        
-0.821725        0.007740         0.256985        
0.656170         0.139062         -0.169069       
-0.349888        0.140363         0.087789        
-0.519802        0.104475         -0.091812       
-0.279102        -0.086080        0.115884        
0.087123         -0.101746        0.068382        
-0.449016        0.221590         -0.064265       
-0.910083        0.107838         -0.003687       
-0.335748        -0.028936        -0.141940       
0.063700         0.060897         -0.030292       
-0.497208        -0.058581        -0.008909       
0.416393         0.119474         -0.131156       
-0.132465        -0.009879        0.125326        
0.716804         0.208237         0.080191        
-0.395059        0.041428         -0.195349       
0.172292         -0.186276        0.017791        
0.354166         0.068929         0.043937        
-0.229141        -0.117851        0.292783        
-0.485913        0.070306         -0.222853       
-0.068933        0.049480         0.340880        
-0.134205        -0.047641        -0.167001       
-0.014118        0.092186         0.256298        
0.577313         -0.055567        -0.042490       
-0.052611        -0.219974        -0.059757       
-0.528199        0.009239         0.003925        
0.006728         -0.053566        -0.007575       
0.413614         0.007258         -0.065037       
-0.177919        0.257349         0.032836        
0.724842         0.217638         0.092438        
-0.785227        -0.094631        -0.075153       
0.626361         -0.015163        -0.009447       
-0.291546        -0.140741        -0.112365       
-0.330439        0.084100         0.069523        
0.228590         0.147925         0.152078        
-0.307888        0.037419         0.123973        
-0.559266        -0.149839        0.022788        
0.349599         -0.143577        -0.027850       
0.055926         0.066353         -0.002077       
-0.099356        0.144247         -0.002513       
0.215412         0.136616         -0.090257       
0.544390         0.001596         -0.177073       
-0.084753        0.024247         0.007916        
0.288192         -0.079954        -0.104440       
0.698437         -0.137885        0.014945        
-0.647839        -0.052957        -0.057640       
0.477927         0.103048         0.246552        
-0.119921        -0.022532        -0.165861       
0.177755         0.089539         -0.111482       
-0.115158        -0.015493        0.096644        
0.058825         0.231020         0.022086        
