0.272826         0.024783         0.062589        
0.033463         -0.032216        0.009590        
0.227555         -0.331113        0.036220        
0.561945         0.130994         0.133054        
-0.065948        -0.097261        0.424478        
-0.310521        0.014413         -0.090948       
0.191113         -0.307665        0.092918        
-0.123564        -0.005944        0.376954        
-0.048100        0.000032         -0.232553       
0.024510         0.005108         0.149220        
0.027137         0.020896         -0.196533       
-0.064251        0.159891         -0.258002       
0.027113         0.107861         0.029994        
-0.084870        -0.280864        -0.121024       
-0.167431        0.025628         0.075981        
0.083308         0.179369         0.405231        
0.110640         0.204119         -0.003566       
-0.065875        0.091385         -0.313351       
-0.186713        -0.247837        0.151589        
0.006171         0.146713         -0.009252       
-0.211363        0.038981         -0.068501       
0.258203         0.185294         -0.067475       
0.081486         -0.114491        -0.109369       
-0.289017        0.111117         0.033045        
0.019137         0.268201         -0.054465       
-0.091198        -0.107082        -0.043597       
-0.252835        0.127276         -0.021783       
0.003113         0.185720         0.372405        
-0.283750        -0.001506        0.016907        
-0.015686        -0.004164        0.157880        
-0.059376        -0.396790        -0.153713       
0.061288         0.286653         -0.113544       
-0.297728        -0.429239        -0.105647       
0.212086         -0.300693        0.280527        
0.261975         0.079748         -0.117058       
0.187506         0.017387         -0.098380       
-0.014454        0.269558         -0.138093       
-0.291395        -0.046483        0.323005        
-0.055908        -0.319763        -0.103046       
0.010946         -0.292283        0.141630        
0.195418         0.187761         0.091842        
-0.041240        0.067832         -0.353933       
-0.157818        -0.048182        0.242756        
0.097853         -0.234372        0.017819        
0.221760         -0.281240        0.149127        
-0.051801        -0.075574        -0.203860       
-0.028553        0.470510         -0.083689       
-0.375979        0.001108         -0.248717       
-0.311748        0.238574         0.283209        
-0.037437        0.097183         -0.315770       
0.109960         0.083390         0.113317        
0.022564         0.116220         0.086715        
-0.204182        -0.283305        -0.378021       
-0.356452        0.117642         0.004168        
0.143742         0.175544         -0.022415       
0.490008         0.189967         -0.011580       
0.068080         -0.471765        0.113514        
0.260349         -0.076369        0.331561        
-0.290824        -0.206846        0.394534        
-0.137000        -0.095018        -0.179825       
0.045766         0.189792         -0.468606       
-0.125914        -0.248961        0.040266        
-0.073680        -0.333289        -0.176264       
0.015647         -0.254632        0.040496        
0.299657         -0.111452        0.071957        
0.196923         -0.046530        0.092422        
0.112093         -0.278927        -0.051780       
0.387081         -0.355293        0.154585        
0.195135         0.005279         0.099368        
0.141497         -0.183661        -0.164112       
0.127760         -0.017175        -0.251563       
0.027276         0.191661         -0.271156       
0.372072         0.053050         -0.065587       
-0.206140        -0.089972        0.106197        
0.148078         0.123980         -0.023406       
-0.187613        -0.017350        -0.014406       
-0.114494        0.488133         -0.048627       
0.217629         0.058738         -0.244190       
-0.252176        0.172286         0.038710        
-0.187880        0.088598         -0.006788       
0.094736         0.327482         -0.111633       
-0.013062        -0.035601        -0.180860       
-0.229972        0.093347         -0.202877       
-0.353546        0.040760         0.167093        
-0.065330        0.406427         0.222272        
-0.190637        0.086491         -0.391526       
-0.199837        -0.246612        -0.327402       
0.262008         0.221047         -0.078628       
0.275419         -0.280024        0.206106        
0.133197         0.127865         0.023496        
0.086905         0.083569         0.082598        
-0.091550        -0.158536        0.059980        
0.426295         -0.201436        0.153683        
-0.128426        0.184056         0.463776        
0.165721         0.084979         0.113308        
0.167916         0.101694         0.000051        
0.124147         -0.117592        -0.279846       
0.221312         -0.052961        0.265800        
-0.389074        -0.219253        0.233013        
-0.042562        0.197480         0.012835        
0.099548         0.154092         0.150688        
-0.046900        -0.092696        -0.248111       
-0.274668        -0.308702        -0.249337       
-0.025549        -0.274597        0.118213        
0.260624         -0.031941        0.079156        
0.257273         0.242468         0.284604        
-0.408537        -0.035972        0.122374        
0.092760         -0.016511        0.231642        
-0.153084        0.224844         -0.168369       
-0.248439        0.076573         0.048636        
-0.064323        -0.090033        -0.035452       
-0.289045        0.191552         0.030636        
-0.481407        0.158104         -0.138567       
-0.006919        0.278834         0.244232        
0.292140         -0.055859        -0.333139       
-0.057615        0.114495         0.217813        
0.050818         0.084974         0.239980        
0.294522         0.085484         0.034106        
-0.392371        -0.254789        0.379829        
0.188126         -0.168096        -0.141657       
0.088829         -0.224013        -0.037278       
0.086055         0.313317         -0.326678       
-0.047324        0.081002         -0.460897       
-0.110663        0.058867         -0.011837       
0.390273         0.061755         -0.168093       
-0.056334        -0.187083        0.210813        
0.154753         0.410159         -0.107273       
0.289147         0.174498         0.033662        
0.144128         -0.163602        -0.264517       
-0.005301        0.452291         -0.053262       
0.223445         -0.329784        0.291032        
0.301867         0.189891         0.084057        
0.214269         0.245620         -0.122030       
-0.208195        0.352661         0.005442        
-0.351319        0.145362         -0.166402       
-0.159569        -0.402542        0.021774        
-0.003764        -0.242518        0.255805        
0.513028         0.227942         -0.086113       
-0.184032        0.338602         0.070935        
-0.289258        0.152458         0.062985        
-0.405564        0.091532         -0.189354       
0.186303         0.277890         0.338299        
-0.142327        -0.062610        -0.027791       
0.341287         -0.055022        -0.200851       
-0.006570        -0.434831        -0.161922       
-0.262696        -0.410410        0.203245        
-0.233440        0.199951         -0.011723       
-0.376414        0.239668         -0.066925       
0.445556         -0.012736        -0.065827       
-0.276966        -0.070778        -0.269772       
-0.208596        0.418157         0.041067        
0.039329         0.147056         -0.337514       
0.136506         0.299117         -0.286587       
0.122927         0.059202         -0.506256       
-0.309222        -0.289146        -0.082764       
-0.125526        -0.268439        0.416605        
-0.027182        0.331056         -0.038998       
0.202251         0.219185         -0.243138       
0.537221         0.091824         0.160037        
-0.142295        0.118513         -0.074247       
-0.215143        0.115737         -0.080391       
0.498954         0.056938         -0.198643       
-0.334087        0.157558         -0.107985       
-0.373343        0.289048         0.002524        
-0.078503        0.095000         -0.318328       
-0.252855        0.051113         0.348169        
0.306401         0.136244         0.013721        
-0.062647        -0.053311        -0.373428       
0.073542         0.103442         -0.239991       
0.188458         0.137510         0.062838        
0.098902         -0.510984        -0.050822       
0.016729         -0.074487        0.303066        
-0.184233        0.021020         -0.095837       
0.100325         -0.207854        0.459312        
-0.100532        -0.106531        0.460015        
0.135616         -0.545171        -0.156849       
-0.184500        0.542782         0.310385        
-0.202778        -0.388524        -0.088288       
0.108231         0.112702         -0.377549       
-0.329756        0.173531         -0.283987       
-0.355146        -0.010803        0.109224        
0.021582         0.325479         0.105468        
0.364301         0.331849         0.180027        
-0.173921        -0.301292        0.028074        
0.142846         -0.317285        0.167937        
0.228469         0.039598         0.192785        
-0.140219        0.086099         0.412409        
-0.428049        0.260904         -0.035334       
-0.191967        0.181720         -0.433697       
0.128291         -0.044661        0.334369        
-0.078251        0.345749         0.282974        
-0.165981        0.371563         -0.057423       
-0.014427        -0.370957        -0.285898       
0.148372         -0.116192        0.269103        
-0.199226        -0.191848        -0.182579       
-0.267387        -0.198162        0.116704        
0.116171         -0.172900        0.484590        
0.057718         0.363354         0.027978        
0.395539         -0.281741        0.091877        
0.078974         -0.016832        0.253323        
0.014790         -0.005023        -0.575396       
0.282342         0.159871         0.109559        
0.422546         -0.168510        -0.209954       
0.308100         -0.197706        -0.066651       
0.170994         -0.219634        0.017744        
-0.113446        0.114130         0.184394        
0.124286         0.345921         0.302444        
-0.440859        -0.215066        -0.094081       
-0.250982        0.220780         0.022022        
-0.001732        -0.475962        0.115028        
-0.060468        -0.201204        0.145885        
-0.213297        -0.347657        -0.294314       
0.547018         -0.051147        -0.185111       
-0.101383        -0.162787        -0.628753       
0.012014         0.173783         0.459877        
-0.159634        0.000838         -0.236728       
-0.302469        0.239427         -0.123643       
0.005043         0.216503         0.139176        
0.450809         0.132562         -0.066687       
-0.026300        -0.011312        -0.372956       
0.276960         -0.280844        0.094725        
-0.363497        -0.221800        -0.032805       
0.470751         -0.240160        -0.025541       
-0.015115        0.214941         -0.063406       
-0.254746        -0.164834        -0.026595       
0.320944         -0.075383        0.242677        
0.199737         -0.255212        0.038967        
0.005955         -0.314789        -0.437050       
0.042259         0.020909         -0.188209       
-0.320650        -0.119126        0.029061        
0.535630         -0.139184        -0.043876       
-0.195606        -0.167296        -0.141004       
0.296016         0.154971         0.213438        
-0.463576        -0.371839        0.009672        
0.138228         0.312141         0.076867        
0.172487         -0.382199        -0.389407       
-0.158553        -0.171164        0.407311        
-0.176287        0.052923         -0.300995       
-0.121052        0.065928         0.371309        
0.346970         0.084592         0.200144        
0.160493         0.305116         0.193242        
-0.284716        -0.382193        0.000195        
0.227705         0.021855         0.255762        
-0.223681        0.073052         -0.147299       
-0.220421        -0.360562        -0.159301       
-0.104630        -0.406210        0.334209        
0.187616         0.175414         0.354263        
-0.259198        0.323693         -0.025693       
0.068610         0.056773         0.335254        
-0.094655        0.010738         -0.335419       
