-0.016843        0.151153         -0.014795       
-0.127261        -0.075420        0.034114        
-0.011949        0.066978         0.111174        
-0.108615        -0.260408        -0.034905       
0.111438         0.062895         0.153756        
0.046084         -0.027034        -0.146306       
0.053652         0.123551         -0.159784       
-0.108998        -0.095266        -0.164575       
-0.086063        -0.007105        0.087437        
0.059456         -0.074112        0.071889        
0.008512         -0.053379        0.030802        
0.032701         0.060257         -0.115024       
-0.051698        0.172216         -0.044365       
-0.077650        0.050238         -0.133495       
-0.106515        -0.122440        0.054503        
-0.000739        -0.174262        -0.251351       
-0.070287        0.201519         -0.003079       
0.036282         -0.061866        -0.081135       
0.118349         0.052045         0.093709        
0.116718         -0.110955        0.103914        
0.015618         0.102861         0.032371        
-0.005243        0.072636         0.151913        
0.035585         0.144043         0.106329        
-0.079758        -0.153757        -0.130263       
-0.089683        -0.226429        -0.074616       
-0.001733        -0.057191        -0.146870       
0.121853         0.182765         -0.024896       
0.001349         0.118795         -0.047225       
0.164110         -0.086324        0.193395        
-0.094354        -0.096365        0.079080        
0.031610         0.158989         0.055177        
0.027168         0.008101         0.118331        
0.138278         -0.002018        -0.004048       
-0.134059        -0.208018        -0.155960       
0.029245         -0.140147        0.094136        
-0.118959        0.049115         0.068787        
0.010396         -0.056902        -0.168345       
0.072102         -0.131030        -0.156073       
0.175469         0.101533         0.019446        
-0.100831        -0.017303        0.081347        
-0.002612        0.110603         0.140121        
0.163258         -0.104935        0.109705        
0.153103         0.145713         -0.021295       
0.066456         0.012126         -0.091145       
-0.240601        -0.091043        0.038389        
-0.089151        0.084442         0.037653        
-0.108074        0.116769         -0.010004       
0.089362         0.150178         -0.028223       
-0.269437        0.064786         0.012772        
-0.030211        0.231151         0.036551        
0.038761         0.157763         -0.037487       
-0.139138        0.025458         -0.219416       
0.170275         -0.008923        -0.116328       
0.012940         -0.142105        0.088781        
-0.104747        -0.000096        0.107030        
0.015459         -0.119643        0.099267        
0.080691         -0.211825        0.026388        
0.069796         0.047046         -0.083531       
-0.002091        0.092669         0.166907        
-0.050810        -0.078291        0.089591        
-0.090166        0.077282         -0.093485       
-0.059565        -0.066257        0.034216        
0.035002         0.108092         0.012264        
0.029338         0.003457         0.196768        
-0.048103        -0.124208        0.019854        
0.118430         -0.274435        -0.046043       
0.172437         -0.104305        0.075607        
-0.015340        0.077339         -0.096067       
-0.101770        -0.052624        -0.138331       
0.195760         0.045633         0.047453        
-0.064470        0.166068         -0.031222       
-0.100118        -0.003351        0.165558        
-0.075205        -0.136786        -0.058765       
-0.024578        0.042697         -0.135862       
-0.089636        0.018415         -0.187813       
-0.192406        -0.152091        -0.130231       
-0.133819        0.107367         -0.110477       
-0.069092        0.078400         0.140075        
0.029600         -0.067094        0.044501        
0.000773         0.127900         0.017016        
-0.102085        -0.016735        0.088163        
-0.108640        0.090331         -0.104089       
-0.098695        0.049924         0.044355        
-0.001335        0.131229         -0.001183       
-0.072289        -0.057540        0.021554        
-0.024741        -0.075971        -0.161336       
0.040801         0.145262         0.016140        
-0.012487        -0.008961        0.016910        
-0.003636        -0.222388        0.063835        
0.078329         -0.124149        0.044718        
0.134969         0.086359         0.097009        
0.031420         -0.117495        0.110236        
0.167885         0.084954         -0.202482       
-0.043818        -0.070819        0.090242        
0.037415         -0.046679        -0.049582       
0.139524         -0.085377        -0.099099       
-0.031630        -0.169572        0.096723        
-0.033361        -0.046001        0.019475        
0.043102         0.026903         -0.162858       
-0.057564        0.132091         0.003996        
0.037193         -0.128930        0.082426        
0.086452         -0.065947        -0.044478       
0.018413         0.132371         -0.064972       
0.046205         0.017883         0.217357        
0.146949         -0.114985        -0.022483       
0.104970         0.075052         -0.027633       
0.183780         -0.049065        0.065513        
0.188175         0.119501         0.116431        
-0.139904        -0.051463        -0.154973       
-0.031463        -0.081361        -0.119782       
0.009404         0.014152         0.083068        
-0.047932        0.131849         0.027989        
0.071007         0.054512         -0.114045       
0.034825         -0.088463        -0.030074       
-0.071150        0.074447         0.117007        
0.091881         0.127748         -0.051425       
-0.095981        0.046342         -0.053303       
0.091387         0.129262         -0.196736       
0.108447         0.076390         0.087232        
0.040338         -0.057642        0.163747        
-0.084642        -0.178918        -0.049829       
0.159099         0.022849         0.014015        
-0.018553        0.080342         0.030238        
-0.192698        0.108720         0.060607        
-0.006963        -0.038529        -0.051987       
-0.066080        -0.208510        -0.149587       
-0.019772        -0.204655        -0.032313       
-0.033956        0.138089         0.063278        
-0.078606        0.180531         -0.070445       
0.115246         0.100739         -0.016637       
0.052517         0.038116         0.250064        
0.016170         -0.031062        0.296720        
-0.022084        -0.033470        -0.140357       
0.244899         0.104342         -0.039410       
-0.151414        -0.088202        0.169059        
0.111496         0.154873         0.112077        
-0.138852        -0.145347        -0.070814       
-0.056183        -0.099493        0.199278        
-0.199584        0.005008         -0.096952       
0.092040         0.132024         0.105749        
-0.018445        -0.153460        -0.013858       
-0.013019        -0.216687        0.016619        
0.033414         -0.176286        0.008238        
0.117893         0.221883         -0.093313       
0.122843         0.023976         0.199711        
0.261264         -0.220193        -0.070470       
0.152792         -0.122398        0.139297        
-0.103349        -0.075129        0.105501        
0.147746         0.043592         -0.190597       
0.116443         -0.135026        -0.029980       
0.128736         -0.069912        -0.111589       
-0.068672        -0.065113        0.108938        
0.099017         0.107537         0.117709        
0.010480         0.112593         -0.213872       
-0.028750        -0.137044        0.165167        
0.049001         0.094976         -0.122605       
-0.167940        0.042293         0.082737        
-0.097582        0.114477         0.274729        
-0.072213        0.025261         -0.265926       
0.060344         0.047515         0.170978        
-0.180160        0.063621         0.039594        
-0.016227        0.109866         0.219863        
-0.232902        -0.135889        0.052895        
0.172790         0.141659         -0.132730       
0.008673         -0.065274        -0.231263       
-0.116993        0.107152         -0.069151       
-0.186147        -0.127329        -0.138156       
0.156026         -0.000332        0.185233        
0.175499         -0.078122        -0.072053       
-0.147557        -0.103779        -0.112194       
-0.170914        -0.058677        0.003656        
0.172357         0.063551         0.068484        
-0.164585        0.000056         -0.067553       
0.114473         0.068072         -0.011568       
-0.062900        -0.167581        -0.010461       
0.111499         0.005309         0.167718        
0.093208         0.081512         0.215987        
0.120422         -0.150555        -0.025366       
-0.074318        -0.083283        -0.096632       
0.044595         0.139749         -0.015726       
0.130380         -0.111599        -0.100690       
0.119417         -0.016862        -0.165227       
-0.030276        -0.080169        -0.164472       
0.016840         0.098272         -0.250568       
0.228457         -0.010636        -0.002804       
-0.026915        0.214827         -0.095844       
0.071741         -0.072131        -0.244823       
-0.055386        0.129828         0.105212        
-0.100012        0.111778         -0.241253       
-0.139194        0.056269         0.140093        
-0.064474        0.052085         -0.195804       
0.023106         0.093872         -0.122997       
0.007410         0.184299         0.181180        
0.068645         -0.138609        0.169708        
0.133137         -0.001457        0.101939        
0.006746         0.127685         0.089720        
-0.239361        0.047983         0.047713        
0.023628         0.167686         0.016184        
0.126329         0.003523         0.154439        
-0.117243        0.119502         0.078146        
0.106881         0.051663         0.140039        
0.108703         -0.215080        -0.074740       
0.161541         -0.023741        -0.115310       
-0.107147        -0.090101        -0.088390       
-0.056940        -0.070673        0.117813        
-0.172075        0.091802         -0.004057       
-0.101218        -0.239616        -0.082373       
0.012366         0.196668         0.027972        
-0.054674        0.152774         -0.111509       
-0.101819        -0.036435        -0.179647       
0.041680         -0.149311        0.147120        
-0.174660        -0.061490        -0.006274       
-0.060624        -0.135342        0.225985        
0.004731         -0.127781        -0.123658       
0.042486         0.136628         0.148850        
0.132504         0.016435         0.171485        
-0.107181        -0.051924        0.050927        
-0.071478        -0.157632        0.109249        
0.144530         -0.097840        0.009138        
-0.115436        -0.227171        -0.097493       
0.073716         0.153024         -0.005422       
0.081849         -0.087936        -0.092874       
-0.097879        -0.111518        0.137582        
0.173169         0.121480         -0.083845       
0.023187         -0.059518        0.215825        
-0.165966        0.090993         -0.002530       
-0.205005        0.028290         -0.026322       
0.180024         0.078975         -0.148203       
0.226990         -0.113192        -0.054919       
-0.114631        0.051076         -0.163074       
-0.039169        -0.192085        -0.097760       
0.095683         -0.051026        -0.084209       
0.076296         0.010866         0.225993        
0.011492         0.157055         0.077702        
-0.047222        0.161170         -0.025873       
0.247006         -0.012309        0.044773        
-0.155078        -0.077353        0.105776        
-0.135364        -0.131562        0.200823        
-0.081854        0.096526         -0.093391       
-0.178312        0.082677         -0.022618       
-0.184468        -0.029414        0.106839        
0.159908         0.078897         -0.016013       
0.036582         -0.065664        -0.229894       
0.106998         -0.084173        -0.055791       
-0.078555        0.123675         0.062706        
-0.158280        0.167858         0.096799        
-0.132868        -0.016448        -0.116702       
-0.046801        0.041646         -0.206005       
-0.089435        0.170012         0.048572        
0.022721         0.107655         -0.162506       
