0.002429         0.035220         -0.004425       
0.007770         0.011381         -0.046594       
-0.001352        0.018569         -0.015064       
0.024984         0.018986         -0.002342       
-0.016342        -0.024608        0.032149        
0.007593         -0.034185        0.003994        
-0.017439        -0.015621        -0.014008       
-0.006012        0.028334         -0.010706       
0.034636         0.041966         -0.042173       
-0.010316        -0.006023        0.020332        
0.013088         -0.023366        -0.009183       
0.010440         -0.032726        -0.014333       
0.019283         -0.030672        0.030510        
0.024450         0.012121         -0.035649       
0.009273         0.007300         -0.024454       
-0.013533        -0.011585        0.007668        
0.000069         -0.021755        -0.007336       
0.009562         -0.005829        0.021019        
0.027707         0.010582         -0.009439       
-0.037818        -0.026722        0.014659        
0.022072         0.005924         -0.004782       
0.039500         -0.003314        -0.021578       
0.024137         -0.030273        0.009586        
0.022195         -0.013361        -0.029772       
-0.017356        -0.030292        0.030042        
-0.040970        0.001500         0.005820        
0.011860         -0.005931        0.002805        
0.006999         0.022916         0.010797        
0.025268         -0.010728        -0.019881       
0.008365         -0.018072        0.027365        
-0.025956        0.019047         0.009659        
-0.018806        -0.007356        0.000182        
-0.027255        0.038033         -0.017508       
-0.040308        0.029627         -0.043452       
-0.001083        0.049352         0.005485        
-0.011488        -0.028302        0.003763        
0.026928         0.023228         0.005486        
0.008291         -0.020264        0.028435        
0.021547         -0.008323        0.035261        
0.013785         -0.008659        -0.030102       
-0.004336        -0.018528        0.014386        
-0.017510        0.033525         0.008389        
-0.002260        0.038648         0.009964        
-0.003466        -0.023077        0.008542        
-0.016639        0.009777         -0.019762       
0.040079         0.016368         0.013503        
-0.009473        -0.008103        0.029395        
-0.030733        0.000846         0.013009        
0.025102         0.010601         0.011762        
-0.022855        -0.010149        0.003047        
-0.041224        0.010504         0.043954        
-0.025367        -0.005551        -0.009296       
-0.013834        0.037449         -0.013664       
0.000288         -0.013288        0.034121        
0.011072         0.020466         -0.014573       
-0.047738        -0.002104        -0.004178       
0.006684         0.015571         -0.002577       
-0.032162        0.043856         -0.001258       
-0.025119        0.047754         0.007264        
-0.030305        0.035994         -0.035927       
-0.006535        0.024388         0.024709        
-0.022178        0.012480         0.008734        
0.012636         -0.005775        0.038598        
0.004093         -0.031938        0.016844        
0.008550         0.035796         0.015633        
-0.012280        0.027788         0.049839        
-0.006523        -0.009641        -0.006152       
0.007392         -0.007213        0.002195        
-0.017022        0.001025         0.038409        
-0.033318        0.014991         -0.002341       
-0.022451        -0.024825        -0.005917       
0.006833         0.034096         0.008405        
0.010759         0.009154         -0.022271       
-0.014308        -0.030248        0.012950        
-0.004842        0.041471         0.026656        
-0.001276        -0.003992        -0.034360       
-0.012763        -0.000721        -0.018624       
0.012490         0.028426         -0.005074       
0.013268         -0.000475        0.018519        
0.022978         0.001596         -0.029735       
-0.026116        0.010427         -0.012160       
0.004843         0.019960         0.023565        
-0.022066        0.023330         -0.033795       
-0.000051        -0.003091        -0.017826       
-0.008322        -0.007586        -0.027940       
-0.006102        -0.006532        -0.025832       
0.014201         -0.024144        -0.012474       
0.007265         -0.023013        0.024820        
-0.004048        -0.002412        0.028457        
0.026187         -0.023130        0.013020        
0.024170         -0.023007        0.006592        
0.007030         0.027272         -0.001005       
0.020900         -0.011267        -0.006062       
-0.026370        -0.003166        0.024503        
-0.002823        -0.024020        0.007330        
-0.003558        -0.033361        0.032701        
0.032249         -0.017692        -0.003458       
0.016511         0.007930         -0.021986       
-0.012065        -0.015732        0.033837        
0.021598         0.005174         -0.018059       
0.032278         -0.016132        -0.013319       
0.028579         0.015742         -0.000184       
-0.022614        0.013525         -0.019148       
0.001240         -0.022222        0.003974        
0.019993         -0.025557        0.011517        
0.003964         -0.014454        0.003072        
-0.011222        0.009568         -0.004108       
-0.004227        0.002786         -0.050129       
0.000876         0.026761         -0.005047       
-0.018346        -0.031944        0.013742        
-0.010609        0.021453         -0.017102       
-0.025790        0.007280         0.006949        
-0.002546        -0.027511        0.005753        
0.021753         0.003898         -0.028644       
-0.020711        -0.028392        -0.018778       
-0.009643        -0.026608        -0.024289       
0.005448         0.018601         -0.027545       
0.014369         0.000543         -0.010745       
-0.001307        -0.034851        -0.015034       
0.035500         -0.017899        0.010164        
-0.015156        -0.014347        0.007735        
0.011245         -0.022535        -0.003413       
0.030411         -0.009552        0.019560        
0.034159         -0.002914        0.001836        
-0.010696        -0.042021        -0.023862       
0.041653         0.017325         -0.006014       
-0.018709        0.028372         0.008300        
-0.048140        0.004098         -0.005974       
-0.014090        -0.018590        0.034616        
-0.022047        -0.016408        -0.014747       
-0.021851        0.008989         -0.010480       
0.013917         -0.017190        0.028424        
0.010159         0.028592         0.018884        
0.030315         -0.029925        -0.003028       
-0.021897        -0.020653        -0.021659       
0.030090         0.014178         -0.013118       
-0.026891        0.047794         -0.013558       
-0.037573        0.002556         0.016309        
0.018472         0.022479         0.007251        
-0.023655        0.028751         0.008232        
-0.035293        -0.009576        -0.009157       
0.022338         0.010815         -0.029135       
0.019633         0.035644         -0.010077       
0.027346         0.001627         -0.043097       
0.017915         0.038087         -0.000741       
-0.028916        -0.040048        0.010847        
-0.002931        0.005279         -0.021615       
-0.024660        -0.043530        -0.003242       
-0.041108        -0.009524        -0.003974       
0.007963         -0.022881        -0.016542       
0.048956         -0.001811        0.006137        
0.038852         -0.035741        0.012399        
0.048610         -0.012146        0.004288        
0.021434         -0.059544        -0.016497       
0.011162         -0.045871        0.004104        
0.017192         -0.010922        -0.040975       
-0.000589        -0.047332        0.026597        
0.001263         -0.034951        -0.026510       
-0.016929        -0.008765        -0.003358       
0.021856         -0.015561        0.022350        
-0.008113        0.021194         -0.044313       
-0.018069        -0.032695        -0.004424       
-0.018621        -0.034152        -0.044558       
0.011914         -0.010247        0.035533        
-0.017825        -0.016453        -0.008859       
0.040128         0.011004         0.007802        
0.048300         0.025619         -0.017582       
0.012710         0.013641         -0.009228       
0.005972         0.023163         0.018931        
-0.005479        -0.036393        0.001898        
0.007346         -0.021951        -0.042560       
0.039097         0.003719         0.004177        
-0.011741        -0.020719        0.032489        
-0.011862        -0.022267        -0.025531       
0.027706         0.037244         0.015308        
-0.012810        0.032348         0.000945        
0.011144         0.012094         -0.016706       
0.018617         -0.050114        0.013922        
0.032211         -0.036073        0.003864        
-0.004112        -0.001299        -0.018847       
0.045157         -0.016342        -0.011333       
0.022375         -0.030083        -0.001737       
-0.023774        0.004299         -0.023767       
0.008168         0.038138         0.029551        
0.022128         -0.028459        -0.014465       
-0.031784        0.012951         -0.036163       
-0.020061        -0.015658        -0.029626       
0.033779         -0.009897        -0.020456       
0.034435         0.010965         -0.025951       
-0.023376        -0.028527        0.009778        
-0.044214        -0.023190        -0.015935       
-0.011521        -0.000410        0.030993        
-0.014393        0.008332         -0.032862       
0.016006         0.043380         -0.031981       
0.003515         -0.022532        -0.025318       
-0.015238        -0.003732        0.030544        
-0.026264        -0.001200        0.053939        
-0.020935        0.008329         0.013901        
0.005052         0.026813         -0.047389       
-0.007554        0.047305         0.006848        
-0.017826        -0.019338        -0.027679       
0.017868         -0.030709        -0.012762       
-0.005932        0.015241         0.032015        
0.013297         0.023428         0.034989        
0.026279         0.013038         0.010012        
0.008490         0.009652         -0.020533       
-0.035850        0.004684         0.017043        
0.016691         0.025530         -0.010129       
-0.038944        -0.005341        0.026464        
0.034137         0.016107         0.024415        
-0.000738        0.012004         0.038295        
0.016935         0.030907         0.001079        
0.015410         -0.010899        -0.036905       
0.001078         0.027248         0.005494        
0.016676         -0.001540        0.027674        
0.010629         -0.030137        0.018934        
-0.014307        0.026323         0.009626        
0.001404         0.008611         -0.044557       
0.027580         -0.008813        -0.014650       
0.012183         -0.007935        0.032609        
0.024555         -0.014315        -0.010630       
-0.039394        -0.016392        0.004335        
-0.038473        -0.025974        0.014219        
-0.008776        0.052283         0.009870        
-0.003694        0.040037         -0.024914       
0.027553         -0.009518        0.022658        
-0.024831        -0.018420        0.024524        
0.013935         0.020074         -0.007222       
0.018754         0.005122         0.002731        
0.018151         0.038316         -0.014285       
0.033756         -0.016306        -0.003783       
0.003608         -0.029784        0.047372        
0.008980         -0.024294        -0.030058       
-0.023079        0.006102         0.024341        
-0.000283        0.034344         0.031326        
-0.019880        0.046750         -0.009827       
0.015089         0.017821         0.007288        
-0.048694        -0.007205        0.000288        
-0.053206        0.025144         0.008709        
-0.030747        0.041220         0.013921        
0.037341         -0.009041        0.006895        
-0.020492        0.028614         0.038300        
-0.042886        -0.009953        -0.004786       
0.005258         0.027023         0.027080        
0.042603         0.004315         -0.004978       
-0.033243        -0.005154        0.029985        
0.000923         0.001478         0.044384        
-0.021789        -0.005178        0.029814        
-0.059116        0.011174         0.012412        
-0.041131        0.009682         -0.030013       
