0.028222         0.129865         0.109846        
0.142973         -0.117603        0.270000        
-0.333884        0.119943         -0.312892       
-0.517275        -0.011358        0.119695        
0.065542         0.018849         0.332788        
0.219715         0.020761         0.260511        
-0.019620        -0.090786        0.096527        
-0.055590        0.027366         0.272994        
-0.284835        -0.016207        0.331404        
-0.273617        0.323832         0.111222        
-0.472607        0.116069         -0.119815       
-0.005381        0.260164         -0.129415       
-0.263163        -0.023411        0.082105        
-0.152728        0.085898         0.200024        
-0.307067        0.035915         -0.175507       
0.085945         0.156748         -0.333239       
-0.017099        0.051964         -0.404039       
0.035336         0.136729         -0.261504       
0.048795         -0.009777        0.383308        
0.052808         -0.115031        0.310110        
-0.079880        0.107900         -0.074469       
0.013341         -0.060137        0.290347        
0.365243         -0.011489        -0.058712       
-0.290436        -0.116892        0.060269        
-0.090117        -0.126423        0.184196        
-0.041442        -0.156513        0.227077        
-0.076703        -0.148092        0.025438        
-0.109669        0.045505         -0.350773       
0.235217         -0.089008        0.313148        
0.039771         0.105434         0.228589        
-0.018799        -0.167642        -0.078502       
0.226231         -0.059908        0.060459        
0.251510         0.149262         0.158851        
-0.067774        -0.009385        -0.338718       
-0.047134        0.160376         0.043762        
-0.057567        0.335714         0.277139        
-0.004956        -0.232515        0.008884        
0.060247         -0.083342        0.156613        
-0.095736        0.141601         0.164431        
-0.018920        0.042035         -0.075946       
-0.450987        0.187117         0.163257        
-0.025631        0.289766         -0.062553       
-0.012050        0.500393         -0.264381       
-0.270930        0.199046         -0.165473       
-0.010325        0.233689         0.009165        
-0.245886        -0.108369        0.228235        
0.154314         -0.152480        0.266311        
0.086882         -0.313685        0.118776        
-0.104171        -0.088078        -0.243914       
0.047024         0.268349         0.026436        
-0.356053        -0.221308        -0.150390       
0.299746         0.110117         -0.179289       
0.314327         0.212312         -0.105077       
0.052532         -0.280425        -0.121723       
0.135136         0.223315         -0.183606       
0.132139         0.161571         -0.092904       
-0.143850        -0.162940        0.107920        
0.216645         -0.040226        -0.093898       
0.034079         -0.272539        0.079596        
0.196240         -0.175497        0.033831        
0.186819         -0.063531        0.261756        
0.042409         0.194159         0.075113        
0.081875         0.012754         -0.072932       
-0.158330        0.179005         -0.147710       
-0.051572        -0.181914        -0.172134       
-0.152993        0.081046         0.155459        
-0.020325        0.248131         -0.045880       
-0.250865        0.327808         -0.139680       
-0.081459        0.168180         -0.001062       
0.291545         0.093946         0.036091        
0.084934         -0.280328        0.302702        
0.141152         -0.078938        0.081016        
0.147406         0.070172         0.178753        
-0.133974        -0.233511        0.187483        
0.089641         -0.137058        -0.432550       
0.271524         -0.104964        0.043923        
0.270050         -0.195388        0.051393        
-0.211788        -0.057814        0.271268        
0.075897         0.151677         0.153175        
0.015471         -0.409566        -0.168697       
0.260915         0.147943         -0.167267       
-0.185241        0.163364         0.114136        
-0.054533        -0.065079        -0.143360       
0.044323         -0.230889        -0.199885       
0.069956         0.057436         0.128767        
0.446106         -0.052671        -0.034984       
-0.029844        -0.239194        -0.204801       
0.329011         -0.255680        -0.161678       
0.105613         -0.294615        -0.331843       
0.224772         -0.287367        0.071507        
-0.099181        0.056909         0.074228        
-0.003315        0.131734         -0.049495       
0.327567         0.095548         -0.310124       
-0.005155        0.102721         -0.054825       
-0.266682        -0.171750        -0.240326       
-0.177130        -0.325622        0.004867        
0.022092         -0.209907        -0.161681       
0.021262         0.160920         -0.370661       
-0.267427        0.005566         -0.269916       
-0.085060        0.194617         0.079593        
0.060214         -0.263198        0.034925        
0.263154         0.055996         0.139499        
0.064376         -0.099118        -0.141050       
-0.105661        0.008157         -0.246516       
0.001703         -0.372977        -0.091559       
0.183188         0.233929         0.053871        
-0.199596        0.122617         -0.310875       
-0.059972        0.223870         0.217566        
0.005829         -0.359146        0.177839        
0.069437         -0.051079        -0.093671       
0.033068         0.133320         -0.269042       
-0.224244        -0.068276        0.286473        
0.111805         0.252788         0.189593        
0.218167         -0.230430        -0.173910       
0.209229         -0.138955        0.001917        
0.034860         -0.211640        -0.227208       
-0.101084        0.295886         0.157039        
0.086943         0.168465         -0.025871       
0.103291         0.125358         -0.085500       
-0.060324        0.092490         0.039059        
0.013476         0.009591         -0.141137       
0.232967         -0.080866        0.134571        
-0.094569        -0.049681        -0.334301       
0.190873         -0.109447        0.227167        
-0.158935        -0.312161        -0.231738       
0.242641         0.116771         -0.066216       
-0.019393        -0.137949        0.442483        
0.356274         0.046365         -0.401596       
0.026693         0.278853         -0.031124       
-0.360807        0.054424         -0.107951       
0.179262         0.262084         -0.343418       
0.046770         -0.445982        0.003528        
-0.009888        -0.080403        -0.260093       
-0.113541        -0.040153        -0.052720       
0.341237         -0.061742        -0.050453       
0.001364         -0.340150        -0.118293       
-0.095326        0.201733         -0.027125       
-0.224636        -0.066537        0.223788        
0.019909         -0.089093        0.307526        
-0.174457        -0.363443        0.130793        
0.448689         -0.184012        0.308417        
-0.338919        -0.392288        0.023984        
-0.241441        -0.174986        -0.204574       
0.290092         -0.083005        -0.243275       
0.082035         -0.095198        0.474005        
-0.069056        -0.221587        -0.335754       
-0.199897        0.158714         0.187011        
0.324493         -0.212065        0.149187        
0.209278         -0.128890        -0.199192       
-0.296002        -0.021384        -0.119727       
0.337666         0.058080         -0.186152       
-0.172290        -0.289973        0.128123        
-0.062701        0.386005         -0.191766       
-0.269892        -0.239777        -0.100949       
-0.230535        -0.173580        0.040827        
-0.145041        0.167091         -0.445569       
0.146013         0.381275         0.080845        
-0.043056        -0.002374        0.483927        
0.043266         -0.264071        -0.148332       
0.120858         -0.153056        -0.122152       
0.205588         -0.269201        -0.282723       
0.125584         -0.221723        -0.152475       
-0.046585        -0.372274        0.106899        
0.292321         -0.065011        -0.122623       
-0.023935        -0.260025        -0.248436       
0.185670         -0.133751        -0.413036       
-0.328223        -0.116398        0.120939        
0.243923         0.190008         0.091083        
0.325459         0.024417         -0.268846       
0.186725         -0.208709        0.166156        
0.088668         0.266921         -0.223434       
-0.292580        -0.093139        0.102722        
-0.269130        0.083769         0.406785        
0.109682         0.147863         -0.252288       
0.086871         -0.130606        -0.331169       
0.037159         0.053671         0.338946        
-0.181228        -0.136253        0.067763        
0.286929         0.178990         0.156472        
-0.369946        0.380459         0.283437        
-0.111615        0.315413         0.273632        
0.037540         0.207906         0.106054        
0.222290         -0.050429        0.173528        
-0.249164        0.021772         0.011146        
0.271870         -0.101764        -0.026342       
-0.343293        0.083026         -0.083833       
0.184237         0.021848         -0.030772       
-0.030225        0.064041         -0.225424       
-0.303654        -0.004425        0.446229        
-0.340858        0.045371         0.379474        
-0.249415        0.194666         0.180117        
0.186787         0.225500         0.167812        
-0.016940        0.158805         0.045510        
-0.124003        0.101992         0.073460        
-0.155905        0.405313         0.108834        
0.098121         -0.061838        0.187327        
-0.428702        0.269884         -0.048133       
-0.206998        -0.087990        -0.346496       
0.154548         -0.181847        -0.067916       
0.085116         -0.101932        0.380223        
-0.020908        0.220472         0.285733        
0.080330         -0.355306        0.055286        
-0.046733        -0.086486        -0.282969       
-0.148786        -0.208934        -0.391304       
-0.200371        0.208866         -0.087471       
-0.371627        -0.014827        -0.055517       
-0.004883        -0.353888        0.174249        
0.015657         -0.142880        -0.251028       
0.035642         0.315361         0.154980        
-0.185586        0.323246         -0.220142       
-0.598157        -0.034035        0.063123        
-0.290280        0.031525         0.221038        
-0.158039        -0.312681        0.008112        
-0.130935        -0.221408        0.349422        
0.136164         0.103717         0.229887        
0.140871         -0.069416        -0.143017       
0.231175         0.029174         0.165675        
0.104745         0.107036         -0.089877       
0.107111         -0.339685        0.156623        
0.246633         0.008947         -0.022933       
0.319856         -0.078677        0.187222        
-0.366797        0.016221         0.005521        
-0.083133        -0.021090        0.417744        
0.266820         0.173420         0.244378        
-0.214576        -0.162238        -0.109285       
-0.029288        0.480036         -0.006976       
0.104799         0.056606         -0.446380       
-0.209189        0.160142         0.074860        
0.489123         -0.017255        -0.101202       
0.345445         0.309740         -0.177659       
-0.146188        0.156596         -0.074761       
0.103913         0.085967         0.495059        
-0.003543        0.028822         0.253019        
-0.238658        -0.166513        -0.209695       
-0.124893        -0.101185        -0.305014       
0.363709         -0.117738        0.051884        
0.446618         0.139898         -0.078596       
-0.257418        -0.240155        -0.003503       
0.001944         -0.137930        0.438716        
-0.039891        0.076888         -0.419759       
0.215187         -0.287412        -0.167776       
-0.306519        -0.260002        -0.075167       
0.077406         0.200437         -0.220430       
-0.055349        0.277450         -0.030491       
0.081548         0.368801         0.000708        
-0.091311        0.307889         0.107586        
0.000876         0.183135         0.173658        
-0.139360        0.308813         0.113045        
0.235609         0.026399         -0.121980       
0.449820         0.335593         -0.025132       
-0.042674        0.354645         -0.201487       
