-0.124508        0.075124         -0.107936       
-0.194201        -0.076451        -0.020110       
-0.127594        -0.080412        0.261252        
0.181668         0.067214         0.034606        
-0.217055        -0.013113        0.034295        
-0.079316        0.180602         0.117199        
-0.055558        0.077269         0.278198        
-0.040363        0.060694         -0.068707       
0.135074         0.163434         -0.115723       
-0.006261        -0.077498        0.122171        
-0.049713        -0.011946        0.126530        
0.033697         0.081874         0.066783        
-0.121819        0.033708         -0.097983       
0.174643         0.050945         -0.145829       
0.241973         0.007465         0.041328        
-0.025607        0.110290         0.091970        
-0.073109        -0.016327        0.281474        
0.005247         -0.132074        0.137964        
0.079205         0.004647         -0.004899       
0.153323         -0.036697        -0.199020       
-0.054937        0.055628         0.206563        
-0.161393        -0.142854        0.140302        
0.127030         -0.040284        0.250212        
0.073104         -0.249452        0.005797        
0.195605         0.039376         -0.077225       
-0.075673        0.092629         -0.159110       
0.142105         0.013122         -0.021237       
-0.033095        0.117063         0.065565        
-0.242570        -0.079520        -0.328727       
-0.152683        0.088181         -0.110355       
-0.119361        -0.101095        -0.093326       
0.089712         -0.033409        -0.257859       
0.041348         -0.165153        -0.181609       
0.175595         0.279398         0.063151        
-0.156781        0.062357         0.118993        
0.068834         -0.023815        -0.052910       
-0.104542        -0.221127        -0.183145       
-0.252812        0.198008         0.003750        
-0.024929        0.044497         0.105504        
-0.118991        -0.041859        -0.086273       
0.169994         -0.109525        -0.056634       
-0.111874        -0.252639        -0.021018       
0.006161         0.002706         0.333156        
0.016611         -0.002948        0.140118        
0.192633         0.190131         0.015364        
0.146110         0.139079         0.016658        
-0.164473        0.074632         0.129759        
-0.279442        0.157158         0.192988        
0.142933         0.153347         0.059381        
0.261713         -0.143667        -0.225655       
-0.138086        0.011894         -0.181580       
-0.021444        0.046789         -0.155638       
-0.199221        -0.100153        -0.055685       
0.352050         0.069033         0.025277        
-0.152664        0.052465         0.091761        
0.231977         0.107754         -0.240774       
0.099168         -0.084075        0.081536        
0.001971         0.130992         0.101572        
0.029938         0.249170         -0.044570       
-0.112864        -0.073159        0.234341        
0.138090         -0.267662        -0.015694       
-0.065435        -0.016120        -0.115210       
0.090657         0.057113         -0.023456       
-0.151518        0.011724         -0.233649       
0.117801         0.128543         0.172023        
0.078454         -0.189657        0.094539        
0.186870         -0.134363        -0.147688       
-0.021259        -0.129865        -0.290570       
0.088567         0.123007         -0.110181       
-0.062799        0.135513         0.094198        
0.014281         -0.250180        0.239484        
0.176929         -0.182713        -0.182222       
0.293136         -0.149067        0.077993        
-0.044931        -0.126161        -0.294172       
-0.077247        0.170595         0.080688        
-0.078410        0.049941         0.109358        
-0.189080        -0.117092        -0.153513       
0.089412         0.072984         0.143880        
0.164702         -0.282618        -0.190232       
-0.047253        -0.002171        -0.141205       
-0.212382        0.003086         -0.053079       
0.134979         0.141656         -0.128673       
0.024130         -0.129097        0.224258        
-0.011615        -0.137703        -0.233166       
-0.099447        -0.088454        0.016064        
-0.005406        -0.269089        0.139393        
-0.075878        0.295465         0.119704        
-0.205291        -0.026659        0.113726        
-0.010280        -0.015623        0.162601        
0.078208         0.012347         0.167858        
-0.079114        -0.218972        0.116001        
-0.074516        0.050270         -0.231451       
-0.120173        -0.090255        -0.066324       
0.221785         0.119447         0.143512        
0.041334         -0.083366        -0.298056       
-0.303702        -0.220075        0.021408        
0.203351         0.060752         0.153676        
0.057956         0.010689         0.092273        
0.092561         0.000427         -0.192106       
0.025414         0.105547         -0.094622       
-0.053438        0.229307         -0.108408       
-0.033951        0.247339         0.133057        
-0.232009        0.013964         0.113411        
-0.160527        0.196608         0.130731        
-0.198487        0.230881         0.097534        
-0.024661        0.195752         0.051281        
0.219097         0.074636         -0.136764       
0.058766         -0.185132        -0.211490       
0.207897         0.006831         -0.041006       
-0.044679        -0.144036        -0.011277       
-0.112986        -0.098784        0.144596        
0.103511         0.210510         -0.162720       
-0.178562        -0.015364        -0.157000       
-0.006158        0.116513         -0.160991       
0.050991         -0.081500        0.080506        
-0.173088        0.092564         0.120739        
-0.093092        0.178992         -0.156673       
-0.061694        -0.124516        -0.055350       
0.038533         0.048141         -0.171508       
-0.058955        0.335846         -0.180688       
0.279334         -0.063500        0.145926        
-0.008475        -0.183881        0.125529        
-0.129742        0.089353         -0.164115       
0.102017         0.158908         0.202990        
-0.028042        0.092131         -0.181527       
-0.005787        0.053603         -0.196543       
-0.212379        -0.135873        -0.109542       
-0.332716        -0.020994        -0.082191       
0.314513         -0.064199        0.002823        
0.097490         -0.275703        -0.052774       
0.228240         -0.034934        -0.083745       
-0.127673        0.001472         0.205280        
-0.086642        -0.306530        -0.017706       
-0.218758        0.020080         0.114644        
0.043781         -0.169851        -0.094939       
0.186376         0.034764         -0.223764       
0.135653         -0.273484        0.084733        
0.291340         -0.035184        -0.110553       
-0.043900        0.221815         -0.164915       
-0.106783        -0.093041        -0.050983       
-0.110719        0.237421         -0.193786       
-0.023887        0.309159         0.009751        
-0.022436        -0.056662        -0.259458       
-0.260585        0.124001         0.122781        
-0.063427        0.010912         0.125911        
0.242458         -0.027747        -0.102324       
0.242347         -0.264855        -0.029583       
0.226562         0.040252         -0.001059       
0.114839         -0.111674        0.233507        
-0.104104        -0.117808        -0.129641       
0.007034         0.243506         0.158611        
-0.107116        -0.083423        -0.047414       
-0.093708        0.073131         0.265858        
0.035391         -0.162755        0.236451        
0.198034         -0.070917        -0.177994       
-0.120492        0.085819         0.281218        
-0.145124        0.150529         0.164993        
0.117084         -0.270016        -0.152340       
0.235879         0.207590         -0.045845       
-0.142448        -0.242461        0.049963        
0.137020         0.093666         0.189525        
0.092966         0.104374         0.084953        
0.036631         -0.202165        0.001073        
0.105576         -0.236592        0.116481        
-0.139139        -0.149552        -0.068542       
-0.211126        0.075828         -0.156056       
-0.107073        -0.137085        -0.045668       
-0.251103        -0.093867        -0.148132       
-0.293021        -0.028243        0.027605        
-0.186093        0.267786         -0.123870       
0.000130         0.205640         -0.152930       
-0.003166        0.147838         0.216380        
-0.200209        0.122178         -0.035505       
0.178426         -0.038879        0.128612        
0.295670         0.030349         -0.112875       
-0.184426        0.156550         -0.011563       
0.035069         0.003705         0.145309        
-0.278861        0.000055         -0.104129       
0.027975         -0.044029        0.211390        
-0.160650        0.089039         0.250638        
0.181704         0.257082         -0.100473       
-0.148453        0.171844         -0.172901       
0.112363         0.215801         -0.155364       
-0.156473        0.036139         -0.186278       
-0.075987        0.174981         0.154313        
0.144948         -0.170024        -0.045897       
0.302150         0.002107         0.171173        
-0.092331        0.080559         0.305689        
0.067659         -0.121982        -0.222704       
0.022566         -0.153230        0.140449        
0.015105         0.269197         0.183625        
-0.078400        0.179213         0.233055        
0.111359         -0.123849        0.010472        
-0.256438        0.138690         -0.024378       
-0.166919        0.108294         -0.213790       
0.303820         0.028280         0.037681        
0.197918         -0.029650        0.124715        
-0.316695        0.056471         0.208052        
-0.213613        -0.105182        0.187798        
0.224550         0.150007         -0.113206       
-0.136276        -0.314453        -0.041265       
-0.131156        -0.074263        0.039021        
0.223106         -0.164182        0.187515        
0.110288         -0.243136        0.012616        
0.299272         -0.079419        -0.163084       
-0.120519        0.265271         0.031039        
0.204918         0.009541         -0.134905       
0.002565         0.155462         0.257555        
-0.271671        0.079156         0.071662        
-0.125161        -0.273075        -0.037558       
0.001496         -0.164843        -0.231144       
0.092296         -0.159540        0.023463        
0.043333         0.072443         -0.175902       
0.048367         0.146454         0.161969        
0.023649         0.191150         0.064211        
-0.150987        -0.254562        0.006866        
0.112257         0.112086         -0.282573       
0.259248         0.034295         -0.038693       
-0.050880        -0.318826        0.148189        
0.104118         -0.219704        0.093743        
-0.010553        -0.154957        -0.084781       
0.115825         -0.183750        -0.219509       
0.183037         -0.157641        -0.024342       
-0.123148        0.266821         -0.012390       
0.198130         -0.154632        -0.131338       
-0.106082        0.227185         -0.133871       
-0.050235        -0.110374        -0.315075       
-0.016619        0.228919         -0.096194       
-0.079872        -0.153748        0.085198        
0.168972         0.045643         -0.234370       
-0.043948        -0.143256        0.038931        
0.137128         -0.004606        0.311018        
0.177032         -0.188705        0.118491        
0.117231         0.127673         0.121949        
0.049609         -0.263520        0.089709        
-0.018066        0.083044         0.154746        
-0.193151        0.202167         -0.040435       
0.007375         -0.139681        -0.083259       
0.008467         -0.046425        -0.133659       
0.023632         0.024341         0.091547        
-0.057140        0.279107         0.031334        
-0.132373        0.229035         0.205709        
0.029994         0.064635         -0.258227       
0.027861         -0.047327        0.109983        
-0.363960        -0.157635        -0.102253       
0.052754         -0.098220        0.244645        
0.192917         0.016818         0.368288        
0.061216         0.089854         -0.373597       
-0.120089        -0.012678        0.222007        
0.143062         -0.218363        -0.023264       
