-0.010416        -0.030596        0.055391        
-0.032852        -0.068433        0.030655        
0.030146         -0.007923        -0.034250       
0.144286         -0.012035        -0.045123       
0.026350         -0.100814        -0.012105       
-0.028405        -0.090752        -0.101036       
0.083058         0.072840         0.024193        
-0.080338        -0.031965        0.078382        
-0.082460        -0.022393        -0.069985       
0.070061         0.055278         -0.037750       
0.059306         -0.003314        0.072279        
0.073319         -0.025115        -0.090664       
0.015035         -0.042870        0.004330        
0.028929         -0.013474        -0.041867       
0.061690         -0.020353        -0.095554       
0.078424         -0.102206        -0.033693       
0.047210         -0.043789        0.084088        
-0.003842        -0.109999        0.023932        
0.009890         -0.026439        -0.076320       
0.122756         0.013625         -0.043651       
-0.018969        0.041499         -0.119672       
0.018087         0.006849         -0.043373       
0.005933         -0.062413        -0.064428       
-0.004435        -0.048800        0.051589        
0.042895         -0.077962        -0.085063       
-0.057756        -0.054650        -0.100236       
0.094171         0.011905         0.126912        
0.031833         -0.051426        -0.012007       
-0.046363        -0.064820        0.038695        
-0.015416        0.073081         -0.076148       
0.029768         0.043734         -0.021031       
0.029689         0.011249         -0.100645       
0.021836         -0.061458        0.045680        
0.055042         -0.032260        -0.093892       
0.100409         -0.044459        0.006185        
-0.060816        0.004880         0.012491        
0.057743         0.052720         -0.037811       
-0.088666        0.006529         -0.105759       
0.016372         -0.031576        0.047389        
-0.029629        0.090314         -0.037832       
0.060528         0.040002         0.007986        
0.012367         -0.092853        0.050155        
0.065954         0.065692         -0.022340       
-0.025694        -0.033997        0.106925        
0.025459         -0.020633        -0.030969       
0.013987         -0.070782        -0.061703       
-0.037027        -0.055870        -0.065498       
0.002080         -0.054668        0.076978        
0.038973         0.052143         -0.010091       
-0.006061        0.034669         -0.060133       
0.061107         0.033306         0.042521        
0.094483         -0.049050        -0.036302       
-0.056226        -0.014297        0.067790        
0.009172         0.091888         0.039612        
-0.053683        -0.001774        -0.007548       
-0.013393        -0.060954        0.053928        
-0.036817        0.009946         0.044171        
0.024045         -0.094657        0.049485        
0.095454         -0.033679        0.070552        
0.009952         -0.065071        -0.017173       
-0.028020        -0.011356        -0.023712       
-0.089417        0.045375         -0.090576       
0.030809         0.032596         0.123105        
-0.020266        -0.058469        -0.000968       
-0.030299        0.043563         -0.062965       
-0.006075        0.069357         0.030146        
-0.082845        0.065480         0.091467        
-0.089700        0.095333         -0.000460       
-0.056714        -0.059348        0.041025        
0.025759         -0.040069        -0.093403       
-0.065538        -0.033468        -0.038087       
-0.071459        0.017770         -0.047211       
-0.096303        -0.030505        -0.080089       
-0.010447        -0.023964        -0.138931       
0.107936         0.023142         -0.036685       
0.052698         0.054925         0.098102        
0.000599         -0.008131        0.137358        
0.028801         0.026207         0.079236        
-0.035589        0.048176         -0.033249       
-0.111742        0.090883         0.073775        
0.043935         0.007101         0.015074        
-0.102493        0.001202         0.039943        
-0.068084        0.076231         0.125959        
-0.043649        -0.077117        0.033280        
0.032923         0.095447         0.058403        
0.022025         0.043921         0.054388        
0.048767         0.029000         0.093857        
-0.049628        -0.014965        0.028797        
-0.004845        -0.009913        0.112011        
-0.035643        0.070051         0.094440        
0.067723         0.039246         0.013586        
0.029823         -0.065354        -0.015654       
-0.067566        -0.022388        0.004810        
-0.060231        0.098005         0.083002        
-0.038275        0.018668         -0.020615       
-0.044996        0.060213         0.023323        
-0.058035        -0.004823        -0.064418       
-0.107132        0.012885         -0.067749       
0.037144         0.154890         0.013993        
-0.102921        0.001209         0.009583        
0.048470         -0.066017        0.078892        
0.091594         0.028027         0.061292        
0.020694         0.062327         0.045720        
-0.017070        -0.128680        -0.007376       
0.035664         -0.017552        0.111530        
-0.064060        0.085331         0.047525        
-0.041864        0.022742         0.008645        
0.016814         -0.049087        -0.014323       
0.126825         0.051475         -0.066057       
-0.058471        -0.052208        -0.016834       
-0.049566        0.012038         -0.030036       
0.034825         0.009670         -0.020662       
-0.076375        0.041745         0.006849        
0.047176         -0.067143        -0.111220       
0.090408         -0.006871        -0.011071       
-0.048683        0.055284         -0.016723       
-0.013081        0.047998         0.004256        
-0.040566        -0.008431        0.022096        
0.082428         0.063942         0.007404        
-0.018327        -0.066584        -0.012695       
-0.031641        0.110117         0.012930        
-0.162183        0.075944         -0.017129       
-0.028906        -0.024166        -0.062694       
-0.025552        0.079559         -0.068068       
0.049867         0.023023         0.031755        
-0.028304        0.035507         0.084567        
0.019189         -0.058872        0.058610        
0.003240         0.096235         0.068854        
-0.005960        0.015625         0.118378        
0.043115         -0.090086        -0.019285       
-0.085709        -0.075944        0.016659        
-0.049096        0.126419         -0.058304       
-0.003885        -0.052839        0.053499        
-0.171414        0.099361         0.055827        
-0.012807        0.079085         0.083742        
0.071283         0.067763         0.059058        
0.029756         -0.056705        -0.006377       
0.101512         0.026376         0.002227        
-0.015313        -0.024535        -0.092271       
-0.000448        0.003720         -0.088917       
-0.118596        0.083714         0.049715        
-0.001132        -0.003261        -0.073675       
-0.054263        0.111521         -0.001680       
-0.022718        -0.073672        0.053643        
-0.047596        0.090712         0.035973        
-0.065147        0.108877         0.033128        
0.045685         0.061902         -0.085595       
-0.094261        -0.103319        0.032543        
-0.003046        0.052978         -0.050907       
0.022399         0.061865         0.131812        
-0.064664        -0.009903        -0.099677       
-0.032552        0.041114         -0.102497       
0.087390         -0.073541        -0.003037       
-0.143093        0.031321         -0.001184       
0.021158         -0.085662        0.112677        
-0.120134        0.022958         0.068955        
-0.000722        0.069593         0.027258        
-0.095596        -0.011906        0.013789        
-0.079965        0.066654         -0.011893       
-0.080080        -0.029004        0.066314        
0.032056         -0.125907        0.055856        
-0.064052        0.027065         0.036843        
-0.026293        -0.003573        -0.120594       
0.055860         -0.043971        -0.048418       
0.076754         0.110762         -0.043175       
-0.086704        0.023432         -0.038536       
0.107821         -0.111164        0.069061        
-0.007481        0.125036         0.055360        
0.070615         0.043584         0.112979        
0.003373         -0.058249        0.074138        
-0.039657        0.108600         0.069709        
0.088457         0.023957         -0.055725       
0.090642         0.023346         0.030032        
0.041009         -0.084210        -0.009179       
-0.053020        0.028985         0.065782        
0.093893         -0.001723        0.080505        
0.051915         0.037791         -0.119325       
-0.110310        0.018607         -0.096392       
0.058451         -0.053622        -0.002608       
0.130673         0.039360         -0.020548       
0.047118         -0.074061        0.011059        
0.115711         -0.079979        -0.113833       
0.047024         0.005242         -0.115720       
-0.024757        -0.037752        -0.148596       
-0.063510        0.021511         -0.085288       
0.019083         -0.056394        0.092290        
0.008544         -0.019150        -0.128497       
0.052991         -0.005350        -0.058098       
0.014459         -0.062112        -0.111321       
0.150056         0.001101         0.014831        
-0.016031        -0.032766        -0.102309       
0.068047         0.007230         0.121001        
-0.010666        -0.006387        0.099793        
-0.012345        -0.023030        0.108241        
0.055577         0.093671         -0.020308       
-0.081357        0.032045         -0.048118       
0.071330         0.027159         -0.105749       
0.076855         -0.092907        0.099773        
0.073232         -0.003050        0.056820        
0.089605         -0.060989        -0.067978       
-0.024954        -0.088735        -0.080238       
0.062571         -0.057147        -0.055603       
-0.024039        0.088559         0.013196        
-0.028131        0.131511         -0.014083       
-0.045623        0.055634         -0.070062       
0.046404         -0.073156        0.002666        
-0.038712        -0.032839        -0.064982       
-0.088967        0.038501         0.039304        
-0.126973        0.040509         -0.007950       
-0.037452        -0.017418        -0.047566       
-0.090003        -0.118818        0.043008        
0.072396         0.042135         0.055705        
0.078909         -0.020321        0.057129        
0.047627         -0.074633        -0.078275       
-0.102182        -0.001826        -0.051259       
-0.036218        0.023544         0.010359        
0.005073         -0.031269        -0.072496       
-0.080433        -0.020829        0.056507        
-0.041914        -0.043664        0.113009        
0.024524         0.061074         -0.036298       
0.001994         -0.149153        0.036621        
0.119389         0.069940         -0.004381       
0.041594         -0.133128        -0.018711       
0.046425         -0.036063        -0.047963       
-0.124277        -0.127730        -0.033136       
0.058527         -0.079461        0.028261        
0.096659         0.067273         -0.080866       
-0.070300        -0.027343        -0.067483       
-0.080146        -0.005373        -0.033941       
0.045858         0.023560         -0.084102       
0.009635         -0.036475        -0.032847       
0.039914         0.076095         -0.017236       
-0.038788        -0.056849        0.103186        
-0.000810        0.107161         0.021919        
0.064687         0.047460         0.061326        
0.000300         -0.137918        0.029671        
-0.010749        0.039884         -0.137666       
-0.010713        -0.055540        0.118274        
-0.073985        -0.065859        0.078502        
0.104448         0.024044         -0.008031       
0.071447         0.030837         0.031412        
-0.057987        0.119468         -0.024282       
0.053993         0.026897         0.047500        
0.008165         -0.058783        -0.053745       
-0.111493        0.006507         0.034314        
-0.095672        -0.021044        0.068720        
0.078191         -0.009694        -0.035416       
0.067843         0.063378         0.044977        
0.017626         0.121906         0.001755        
-0.064857        -0.116052        -0.032936       
