0.043247         -0.042216        0.063655        
-0.211221        0.134738         -0.103296       
-0.228243        0.238231         -0.090117       
-0.172170        0.245985         -0.089196       
-0.150644        0.146175         -0.132805       
-0.128909        -0.093086        0.163599        
-0.092760        0.036215         0.141600        
0.046598         0.188418         0.079226        
0.016629         -0.392440        -0.082050       
0.183441         -0.054563        -0.322883       
0.075290         -0.174309        0.235497        
0.175220         -0.099898        0.160235        
-0.156837        -0.058068        -0.043755       
-0.070549        0.131596         -0.092701       
-0.108528        -0.070754        0.118804        
-0.260573        -0.075490        0.138117        
-0.128600        0.257818         0.218008        
-0.247243        -0.105076        0.142383        
-0.445215        0.000241         -0.125609       
-0.222221        0.128803         -0.047177       
0.151830         -0.218855        -0.221677       
0.057444         0.048418         0.338341        
-0.356890        -0.145782        0.124653        
-0.051958        -0.188644        0.055929        
-0.048387        0.028514         -0.019411       
0.069068         -0.158228        0.044589        
0.135842         0.046224         -0.252928       
0.164721         -0.064867        0.169373        
-0.128836        -0.218825        0.324264        
0.010525         0.086763         -0.338750       
0.028165         -0.019106        0.165931        
0.089106         0.087618         -0.052287       
0.074448         0.179108         -0.243447       
0.080004         0.226812         0.029920        
0.022632         0.006874         0.219633        
0.208150         -0.149764        0.199770        
0.037582         0.066241         -0.141461       
-0.113795        -0.041778        0.152747        
0.109516         0.192123         0.039827        
0.110654         -0.036011        0.168763        
0.038776         -0.290892        0.066134        
-0.075287        -0.053468        0.125746        
-0.268333        0.183049         0.103045        
-0.106046        -0.112475        0.015398        
0.084136         0.121246         -0.236245       
-0.094298        -0.033588        -0.353420       
-0.022409        -0.219865        0.275613        
0.067509         0.260139         0.083003        
0.003586         0.189537         -0.203949       
0.254941         -0.239040        0.138641        
0.553361         0.061231         -0.203821       
0.134665         0.332374         0.323731        
-0.030491        0.078046         0.000663        
0.178580         0.069290         0.262591        
0.202148         -0.111352        -0.176533       
0.136946         -0.512996        0.027204        
-0.039887        -0.219019        0.164821        
0.015086         -0.017950        -0.034960       
0.112891         -0.049535        -0.076156       
-0.117233        0.044241         -0.146999       
-0.054054        -0.125651        -0.184141       
0.159901         0.265662         0.002826        
0.101589         0.073287         0.020735        
-0.051040        -0.098731        0.236792        
-0.911834        -0.568445        0.105428        
-0.440006        -0.557134        0.929018        
-0.145435        0.528286         -0.450567       
0.091071         0.665217         -0.804940       
-0.653936        0.650534         0.223515        
0.460852         -0.106487        -0.191227       
-1.079291        -1.209254        0.400709        
-0.827089        -0.308468        -0.389986       
0.321852         0.647868         -0.105450       
0.205187         -0.851748        0.357884        
0.001164         0.753261         -0.347376       
-0.825349        -0.993833        0.423599        
-0.237918        -0.263877        -0.418586       
0.004640         1.333689         0.072316        
-0.539177        0.486791         -0.040687       
-0.782937        0.702050         0.027110        
0.556270         -0.098800        -0.495247       
-0.389305        0.258903         -0.839722       
-0.338318        0.211047         1.109717        
-0.739441        1.077239         0.340452        
-0.027588        0.571745         -0.280908       
-0.466556        0.551079         -0.096256       
0.452155         0.410796         0.211762        
-0.101479        -0.444647        -0.153040       
-0.552484        -0.648758        0.151227        
-0.110900        -1.006999        0.242904        
0.026587         -0.730762        -0.892271       
0.258826         0.056412         0.479867        
-0.597233        -0.235959        -0.299924       
-1.093184        0.169224         0.233542        
0.322083         0.301382         -0.101794       
1.151454         -0.581356        -0.043880       
0.369094         0.622060         -0.942179       
0.872526         0.276165         0.415816        
0.520219         0.872063         0.441264        
0.986402         -0.004749        -0.184911       
0.632028         -0.581700        -0.833261       
0.691241         -0.363405        -0.234674       
-0.346961        0.051579         0.137203        
-0.551772        -0.359430        0.763193        
0.050734         0.258559         -0.116665       
-0.104085        -0.651314        0.677997        
-0.612269        0.219858         -0.144535       
0.857382         0.012308         -0.154559       
0.638052         -0.201863        -0.193840       
1.349846         0.622046         -0.045575       
0.069104         -0.791159        0.602521        
-0.192607        0.559703         -0.024292       
0.246530         -0.260972        0.776274        
0.228205         0.426080         0.512357        
0.036515         -0.478643        -0.046347       
-0.480164        -0.055890        -0.926900       
0.266713         0.121547         -0.339580       
-0.813915        -1.558342        0.250899        
1.167415         -0.494831        -0.636809       
1.071668         -0.726257        0.764838        
-0.038171        -0.066080        -0.280404       
0.147594         0.362753         -0.260920       
0.543775         -0.007942        0.225096        
-0.042363        1.077322         0.158814        
0.422466         0.545141         0.414236        
-0.365214        0.956339         -0.031362       
0.193061         0.830286         -0.502711       
-0.322529        -0.359925        -0.116463       
0.239973         -0.206709        -0.149314       
0.221580         -0.604582        -0.078144       
0.003984         -0.818190        0.170408        
0.156713         -0.940725        0.105114        
0.180409         -0.667745        -0.031835       
0.305853         0.893059         0.077860        
0.280493         -0.345695        0.092148        
-0.074147        0.476709         0.123102        
0.036528         -0.575623        -0.047728       
-0.203176        -0.505034        0.082933        
0.102798         -0.858407        -0.088812       
-0.097301        1.221462         0.133826        
-0.145415        0.595011         0.101603        
0.165417         0.014620         -0.283510       
0.253199         -0.221641        0.197003        
0.009352         -0.385371        -0.185289       
0.069984         -0.991434        0.091512        
0.210203         0.447470         0.117859        
0.091648         0.444407         0.161500        
-0.043357        -0.754304        0.036104        
0.073210         0.781986         0.088917        
0.142043         0.323731         0.152145        
-0.072330        -0.184585        0.106626        
0.046887         -0.478033        -0.042170       
0.196251         0.271571         0.286453        
-0.067722        0.083815         0.106044        
0.113787         -0.418620        -0.071799       
-0.013990        0.866863         0.322849        
0.019239         0.773079         -0.025711       
0.322068         0.013175         -0.121989       
-0.067133        -0.141604        -0.158032       
-0.404011        -0.347247        -0.196864       
-0.076005        -1.373535        0.090629        
-0.272040        0.609521         0.103685        
0.050803         -1.119494        -0.069995       
-0.000967        -0.375167        0.182774        
0.044521         0.347083         0.112983        
-0.253817        -0.167267        -0.379310       
-0.056252        0.957061         -0.160708       
-0.275488        0.758503         -0.007418       
-0.108672        0.727584         -0.017794       
0.051946         -0.477053        0.126480        
-0.010224        -0.947922        -0.138722       
0.020211         -0.097499        0.303193        
0.211014         0.109148         0.220461        
-0.197559        -0.424571        -0.136171       
-0.011071        0.723763         -0.073744       
-0.081346        -0.501723        0.134337        
-0.113257        -0.653987        0.035088        
0.020944         -0.711350        -0.154936       
0.082839         -0.959954        0.098563        
0.064379         -0.714397        0.057838        
-0.029701        -0.187250        -0.156762       
-0.030727        -0.452889        -0.030557       
-0.038692        -0.325507        0.050041        
-0.316774        0.088827         0.023196        
-0.069445        0.566198         0.296153        
0.348409         0.786721         -0.096485       
0.216688         0.413502         -0.079959       
-0.021928        0.628211         -0.054792       
-0.341888        -0.549239        -0.016438       
0.197869         -0.952073        0.209515        
-0.188213        0.369985         -0.171493       
0.160808         0.348085         -0.062870       
-0.073276        -0.056889        1.456301        
0.378954         0.066479         -0.687211       
0.248903         0.259030         -0.514888       
-0.187140        -0.027171        -0.600179       
0.337836         -0.001203        0.699163        
0.183610         0.037140         0.155478        
0.214671         0.341759         -0.144155       
0.079975         0.189859         -1.040039       
-0.326675        -0.035268        -0.701014       
0.204213         0.162098         -0.341302       
0.148731         -0.092754        0.368627        
0.301254         0.263332         -0.045255       
-0.024815        0.210858         -0.387181       
0.019861         -0.067111        0.722894        
0.320131         0.093703         0.131439        
0.073051         -0.106834        0.554530        
0.092033         -0.132115        -0.563404       
0.011906         -0.200044        0.215006        
0.161121         -0.178555        -0.705728       
0.370773         0.025477         -0.101971       
-0.050082        -0.041247        -0.630316       
0.059768         -0.210053        0.520486        
-0.018083        -0.054898        -0.534036       
0.023348         -0.030707        -0.283953       
0.110635         -0.102905        -1.019444       
0.101389         0.081364         -0.485257       
0.170058         0.252767         0.173547        
-0.096097        0.354684         0.868387        
-0.094236        0.173153         0.401819        
0.138564         -0.027200        0.415962        
-0.041801        -0.198403        -0.353107       
-0.251286        0.245983         -0.061819       
0.101443         -0.118489        -0.548750       
-0.039693        0.029030         1.229551        
-0.188798        -0.204748        -0.428288       
-0.375996        0.003256         0.095292        
0.090556         0.059216         -0.972067       
0.023705         0.061571         0.956820        
-0.074686        0.222876         0.908915        
-0.028303        -0.103149        -0.544712       
-0.028352        -0.211880        -0.069207       
-0.021057        0.326743         -0.453056       
0.188207         -0.077211        -0.336311       
0.017094         -0.103711        -0.410323       
-0.130754        0.186029         0.831207        
-0.322345        0.086143         -0.071164       
-0.058694        0.128232         -0.386847       
-0.055905        0.162837         -0.544907       
-0.005762        0.080874         -0.494794       
-0.270584        0.070608         -0.502840       
-0.212980        0.344738         0.272927        
0.025850         0.038000         0.088009        
0.021195         -0.090157        0.065449        
0.046898         0.476811         -0.680826       
-0.006149        0.478180         0.739247        
-0.143554        -0.079455        0.036071        
0.007245         -0.063148        0.598850        
-0.211593        -0.090675        0.410468        
0.063587         0.116988         -0.421037       
-0.010061        -0.332110        -0.021041       
0.117058         0.189066         0.259789        
0.019695         0.099519         -0.914707       
-0.188041        -0.246219        0.247209        
0.144340         0.029541         0.136901        
0.635029         0.334586         -0.310379       
0.568718         -0.056273        -0.117728       
0.342539         0.154657         0.326420        
0.294669         -0.125888        0.228905        
0.218007         0.076042         0.158255        
0.945904         0.484325         -0.047936       
-0.224434        0.519646         0.077164        
-0.532852        0.183006         -0.001346       
-0.119382        -0.043183        -0.249850       
-0.918513        0.047738         0.055139        
-0.684287        -0.156255        -0.134533       
-0.195621        -0.152769        0.077915        
0.274173         0.160230         0.028971        
0.097919         -0.259090        -0.185281       
-0.062154        0.102461         0.181647        
0.379541         -0.119233        0.004557        
-0.830558        0.057653         0.258592        
-0.035557        -0.021488        0.092187        
0.752232         0.058515         -0.114151       
0.556314         -0.318201        0.075130        
-0.590902        -0.170580        -0.004409       
-0.532400        -0.163876        -0.118443       
-0.648179        0.123575         -0.070266       
0.915953         -0.130563        0.306620        
0.444446         -0.109719        0.440798        
-0.494945        0.250577         -0.068645       
0.137139         0.377986         0.033742        
0.953163         0.101741         -0.177487       
0.692023         0.128958         0.020213        
-0.280935        0.012880         -0.009661       
0.149329         -0.151418        -0.038249       
0.428832         0.023442         -0.104913       
-0.881840        -0.025204        0.200033        
0.061193         -0.266117        0.044213        
-0.817407        -0.154128        -0.132524       
-0.549549        0.067960         -0.246058       
-0.692309        -0.026141        0.186863        
0.579558         -0.152602        -0.128092       
0.988110         -0.031967        -0.009723       
0.557478         -0.007733        0.104601        
-0.039016        -0.262885        0.213053        
0.231459         0.476381         -0.093698       
-0.758852        0.064407         -0.028667       
-0.913692        -0.177353        0.142363        
-0.253076        0.290609         0.039880        
0.445358         -0.133802        -0.238030       
-0.309552        -0.092947        0.063690        
-0.431044        0.087020         0.058240        
0.221600         -0.036616        0.215462        
-0.828548        -0.187517        -0.137450       
-0.327352        0.205921         -0.168183       
0.388299         0.135745         0.364897        
-0.052828        0.109512         0.218128        
-1.068116        0.158677         -0.138382       
-1.006297        0.157513         -0.115473       
-0.450999        0.219555         -0.131125       
0.465547         0.141232         0.165827        
-0.013411        0.127329         0.113415        
0.699207         0.161605         0.054318        
0.399125         -0.235567        0.158688        
-0.195550        -0.122578        0.122011        
-0.470738        -0.162850        0.218351        
-0.024021        0.141792         -0.221709       
0.067018         0.159907         -0.184435       
