0.282093         -0.090336        -0.017118       
-0.363903        -0.023442        0.156962        
0.267709         -0.163753        -0.332601       
-0.503731        -0.014063        0.259926        
0.109859         -0.222141        -0.241697       
-0.141697        0.389708         -0.057118       
-0.133747        -0.213138        0.291167        
-0.170668        -0.074705        0.179640        
-0.062955        -0.119516        -0.449513       
-0.161881        -0.407985        0.631452        
0.227769         0.510298         0.179350        
-0.059815        0.144455         -0.290597       
0.041709         0.168511         -0.428759       
-0.319286        0.530338         0.353150        
-0.114114        -0.033088        0.040764        
-0.232578        0.104121         0.078260        
-0.298009        -0.426887        0.118426        
0.016402         -0.055287        -0.062334       
0.343234         0.008227         0.152985        
-0.025720        0.160893         -0.446191       
-0.069499        0.342882         -0.569016       
-0.184265        -0.280036        0.405034        
0.052825         0.149120         0.444380        
-0.469904        0.246465         -0.000417       
0.173421         -0.127264        -0.051824       
-0.264871        0.597526         0.012885        
0.003497         0.294933         0.558038        
0.265179         -0.105983        0.066429        
-0.256030        0.337810         -0.222311       
-0.269788        0.175321         0.033614        
-0.188500        0.154699         -0.384368       
-0.017268        -0.143032        0.570505        
0.696170         -0.058600        0.259473        
0.418746         0.432284         -0.213753       
-0.439042        0.044093         0.264759        
0.552726         0.107573         0.128617        
0.360380         0.380114         -0.005851       
0.009729         -0.620922        0.169406        
-0.268145        0.070725         -0.003115       
0.245958         0.264706         -0.069428       
0.144848         0.090450         -0.292328       
0.510671         -0.047640        -0.228218       
-0.081348        -0.199350        0.434951        
0.188901         0.349141         -0.031598       
-0.207857        -0.429605        0.152348        
0.304646         -0.278700        -0.480681       
0.156569         -0.072894        -0.357911       
-0.212468        -0.207552        0.735764        
-0.530425        0.272866         -0.086901       
-0.127162        0.341515         -0.407120       
-0.065771        0.048961         0.475560        
-0.098776        0.559509         0.098144        
-0.142899        0.038486         -0.488530       
0.222966         -0.624970        -0.106198       
0.333672         0.142987         0.482969        
0.222967         0.134835         0.261048        
-0.706159        0.273652         -0.269817       
-0.161860        0.320946         0.114793        
0.001553         0.393215         0.486931        
-0.072672        -0.176805        -0.768487       
0.110280         -0.506678        0.288969        
-0.012588        0.096691         0.141179        
-0.118765        -0.265245        0.086991        
0.280872         0.209654         -0.249328       
-1.787169        -0.677918        -0.971763       
0.017196         -0.611528        0.622938        
0.666406         1.672406         -0.051491       
-0.419932        -0.177427        0.217085        
-1.203818        -0.339905        0.248436        
-1.957966        0.377742         0.245024        
1.470887         -1.048282        0.834889        
0.102925         -0.106923        -1.979874       
1.262924         1.833731         -0.341723       
0.879934         -0.122112        1.343764        
-0.915681        -0.267456        -0.870489       
-0.067156        1.223628         -0.631713       
1.097750         -1.094796        -0.191853       
-1.200084        0.125630         -0.086453       
-0.166159        -0.940029        -0.135339       
-0.000881        -1.091934        0.537154        
1.198267         -1.109415        0.935406        
0.724390         -0.305933        0.185953        
-1.267345        -0.901488        -0.337911       
-0.829272        0.452093         -0.893691       
-0.155741        0.621407         -1.263783       
1.417109         -0.584126        1.796484        
-1.053031        0.869993         -0.864164       
-0.414734        0.662977         0.434792        
0.783285         0.904856         -1.173188       
-1.767486        0.923205         0.352249        
0.211989         -1.183684        1.404952        
0.001888         0.043702         -0.889774       
-0.445231        -0.311278        -0.153105       
-0.882352        0.075865         0.614315        
-1.559578        0.553234         -0.642818       
-0.041307        -1.389457        0.329100        
0.834419         -2.168619        0.405693        
-0.275684        0.067830         -1.439168       
1.205441         -1.069044        1.079347        
1.735169         -0.537665        -0.478365       
-0.085584        0.473412         -1.350038       
-0.835943        0.193994         0.900041        
0.928840         2.009914         0.475154        
0.441365         -0.144503        0.060087        
-0.702249        1.100583         -0.369997       
1.286816         0.584141         -0.138066       
1.351451         -2.553190        -0.429532       
-0.982025        -0.669597        1.774274        
-0.230427        0.779039         0.546147        
0.945176         -1.112751        -0.467469       
0.354210         1.512103         0.388577        
-0.615531        0.805958         -0.799358       
-0.115537        0.283555         1.870945        
-0.440861        -0.637067        -0.526574       
-0.674139        0.786446         0.494540        
-0.397825        0.016230         -1.928704       
0.900609         -0.698690        1.557883        
0.993050         0.216975         -0.840597       
-1.011295        0.527950         0.671705        
-0.148075        -1.286343        -1.072631       
-0.875019        1.521916         0.227208        
0.258161         0.600725         0.104867        
-0.670079        -1.173598        0.219722        
0.949887         0.262976         -0.073886       
-0.578142        -1.192624        0.658418        
1.617760         -0.414375        -1.319889       
1.061183         -1.224630        0.366386        
0.377862         1.016492         -0.220318       
-0.066722        0.667637         -0.195137       
-0.224574        0.567556         -0.355207       
0.002559         -0.067636        -0.020391       
-0.347122        -0.514765        -0.075546       
0.491789         1.386527         -0.191296       
-0.093923        -0.019113        0.116424        
0.226605         -0.466816        -0.417312       
-0.026346        1.062443         0.227957        
0.441077         -1.111770        0.245846        
0.144327         0.401698         -0.100267       
-0.443685        0.836222         0.058803        
0.163317         -0.842333        0.014465        
-0.239486        -0.087014        0.329868        
0.302471         -0.873395        -0.215561       
0.030378         -0.073664        0.408993        
-0.217853        0.634797         -0.361806       
-0.353963        1.607763         -0.144168       
-0.276323        0.348260         0.354226        
-0.058691        1.102241         0.262560        
-0.044445        -0.861495        0.278892        
0.074460         0.910979         0.192354        
-0.447549        0.167227         -0.133878       
0.195969         0.002331         -0.047556       
0.295279         0.385556         -0.123300       
-0.095960        -1.834145        0.064884        
0.116349         -0.428718        -0.327847       
0.438037         1.099157         0.163439        
-0.476305        -0.336741        -0.072415       
-0.170981        0.502960         0.280645        
0.446921         0.608305         -0.254602       
0.145096         0.056631         0.496526        
-0.055515        1.239926         0.177310        
-0.197619        -0.472377        -0.077096       
0.294049         -0.217019        0.325842        
-0.191255        -0.905810        -0.051420       
0.144230         -1.326626        -0.452978       
-0.020679        2.254923         -0.057380       
-0.247170        0.927478         -0.099361       
-0.203462        -1.609029        -0.048108       
-0.465842        0.959396         0.147430        
0.099961         -2.307973        -0.143700       
-0.038482        -1.587900        -0.027849       
-0.157367        -0.470971        0.200055        
-0.300087        -0.183916        0.150339        
0.011996         0.721723         0.006213        
0.171430         0.787159         -0.065260       
-0.008749        1.888159         0.332628        
0.054208         0.778921         0.270813        
-0.076674        1.542888         -0.111412       
-0.129119        0.270517         -0.010875       
0.335571         1.278653         -0.199753       
0.171212         0.352868         0.168599        
0.166778         -1.194636        0.080197        
-0.358412        0.218579         0.030706        
-0.270895        0.426581         -0.026703       
0.184421         0.605043         0.290926        
-0.084104        0.197075         0.019659        
0.167785         -0.653550        0.050323        
0.005487         -1.523156        -0.096635       
-0.043225        0.691737         0.017943        
0.276194         -0.255002        0.148085        
-0.089860        -1.159209        0.293890        
-0.237113        1.948693         -0.042572       
-0.421985        -1.418898        0.115202        
0.171178         0.148697         -0.117467       
-0.060784        -0.107634        0.884770        
-0.204156        0.284619         -0.483294       
0.178473         -0.231084        0.802459        
-0.120218        -0.313432        1.714085        
0.593352         0.019762         -1.400002       
0.020311         -0.045055        -0.783276       
-0.324623        0.253803         0.240588        
0.168795         -0.473063        1.450530        
-0.019386        -0.421058        -0.686247       
-0.219621        0.017828         0.398332        
-0.301946        0.070173         -0.605910       
-0.211085        0.420323         -0.086077       
0.239118         -0.216241        0.528729        
0.023964         0.319792         0.633995        
0.103924         -0.017989        -0.577976       
0.183990         -0.088176        1.069850        
-0.370258        0.181519         -1.014389       
-0.382521        -0.011170        -0.696399       
0.019008         -0.206764        -0.442594       
-0.181923        -0.112393        1.533277        
-0.329260        -0.074426        -1.127593       
0.244826         -0.263419        -1.537242       
0.236642         -0.275263        1.375172        
-0.593266        -0.118975        0.195904        
0.533268         -0.220101        1.206285        
0.059708         -0.158856        -0.812613       
-0.145203        -0.117798        -1.296530       
-0.102024        0.226015         -0.777693       
-0.134094        -0.478213        0.485291        
-0.046135        -0.016694        -1.226909       
0.027063         -0.362982        0.581778        
-0.095258        0.432376         0.655633        
0.171384         0.204588         0.902573        
-0.176150        0.275530         -0.413040       
-0.605693        0.212697         -0.237281       
-0.026103        -0.218968        0.608353        
-0.219344        -0.113824        0.810971        
0.237767         0.224292         -1.086990       
-0.470916        -0.141513        -0.839020       
0.316445         -0.122255        0.715192        
-0.062232        0.276170         0.303206        
-0.296982        0.001719         -0.465581       
-0.089656        0.172669         -1.931348       
0.250853         -0.461106        0.450594        
-0.305842        -0.118160        1.050676        
-0.269133        0.108752         -0.071513       
0.136056         0.038541         -1.387266       
0.423525         -0.083510        0.306089        
0.091920         0.133715         -0.679862       
0.088514         -0.168304        -0.979633       
-0.019299        -0.160168        -0.024711       
-0.107757        0.227578         -0.597931       
0.155053         0.060934         -0.229841       
-0.028320        -0.123930        -0.365517       
-0.030816        -0.114707        0.970154        
-0.123701        0.076794         0.732814        
0.331205         -0.006691        -0.942464       
-0.109734        0.092914         -1.669398       
-0.377194        -0.019833        0.737270        
-0.442195        -0.017745        0.530647        
0.115203         0.231417         -1.276335       
-0.137266        -0.251222        1.511516        
-0.144371        -0.179335        0.604742        
-1.251555        -0.271783        -0.110871       
0.174253         -0.014740        0.207356        
-0.271389        -0.616511        -0.370927       
-0.988314        -0.277152        0.424063        
0.212067         -0.095643        -0.300996       
0.297802         0.093106         -0.032194       
-0.867250        0.086284         -0.318752       
0.447347         -0.124292        0.273927        
-1.279358        -0.199768        0.266234        
-0.787561        -0.105438        0.032718        
2.028844         -0.039837        0.292118        
-0.024786        0.116563         -0.069925       
-0.607575        -0.024770        -0.119110       
0.909117         0.519709         -0.060718       
0.412943         0.049151         -0.009667       
1.186192         0.244807         -0.078774       
1.311254         -0.102376        -0.101570       
1.137367         -0.099488        0.128508        
0.120370         -0.192632        -0.182988       
1.507596         -0.087205        -0.077864       
-0.611595        0.107188         0.410313        
1.207413         -0.080409        -0.255719       
-0.153949        -0.495235        0.026957        
0.488492         0.138034         0.221247        
0.291583         -0.313844        -0.353917       
0.465986         -0.358592        -0.333579       
0.674965         0.267639         0.044786        
0.329662         -0.303069        0.149320        
0.514262         0.076284         0.233823        
0.636843         -0.215910        -0.234089       
0.380744         0.046761         0.113877        
0.416832         0.049536         -0.194967       
-2.237000        -0.094922        -0.482904       
0.098421         0.342374         0.380771        
0.706880         0.050902         0.237578        
-1.280217        0.298567         0.184773        
0.662316         -0.158833        0.198724        
-0.006754        0.389493         -0.334266       
-1.059626        -0.154149        0.144610        
0.178119         -0.631097        -0.217504       
-0.717137        -0.193048        0.436428        
-0.572843        -0.322050        -0.225524       
-1.367273        0.325000         0.140417        
0.889997         -0.139180        -0.155388       
0.181379         -0.282314        0.204380        
-0.839565        -0.194053        0.171111        
1.862587         -0.568644        0.220355        
-1.380065        0.057407         -0.092763       
1.633298         0.032993         -0.127491       
0.632064         -0.255225        0.213597        
0.288340         0.285647         -0.278613       
-0.047981        -0.076637        0.260221        
-0.385057        0.359551         -0.070910       
-1.030082        -0.136335        0.237889        
0.848663         -0.188003        -0.214083       
0.672410         -0.149421        0.545472        
1.039924         -0.203558        -0.276569       
-0.329466        -0.055179        0.058633        
-0.397899        0.332547         0.499314        
0.807030         0.276077         0.024357        
0.898088         -0.033696        -0.655965       
-1.843537        0.198047         -0.076129       
-1.688159        -0.471827        -0.040089       
0.526852         0.014686         0.103210        
