0.054641         0.001772         0.055864        
0.075896         0.000847         0.010050        
0.077382         -0.034709        0.086944        
0.052848         0.041014         -0.075585       
0.060026         -0.059112        -0.035471       
0.005116         0.021036         0.077227        
-0.051072        0.079029         -0.010615       
0.021483         -0.070123        -0.082115       
-0.051829        0.038842         0.038330        
-0.010279        0.007307         -0.022650       
-0.045949        -0.066318        -0.052741       
-0.054913        0.010844         0.039057        
0.019382         -0.020444        0.076545        
-0.018534        -0.058485        -0.048321       
0.016269         -0.018412        -0.040019       
0.012324         0.013498         0.054417        
0.017505         0.044719         -0.032953       
0.047227         -0.006698        0.026016        
0.011935         0.045368         0.031897        
-0.046020        0.039691         0.025135        
-0.011418        -0.032141        -0.135159       
-0.052024        -0.013241        0.106794        
0.012786         0.014032         -0.019535       
0.082709         -0.009131        0.051899        
0.092254         0.023047         0.020655        
-0.063453        0.021263         0.016609        
0.085633         0.016471         -0.019816       
0.096130         -0.115976        -0.028335       
0.011992         -0.011862        0.030380        
0.009330         -0.049066        -0.026912       
0.084559         -0.055733        0.010676        
-0.043266        0.087510         -0.016437       
-0.012299        -0.059618        0.043720        
-0.025229        -0.082440        0.007192        
0.023907         0.012918         0.037621        
-0.010117        0.020465         -0.050510       
-0.036508        0.031777         -0.029425       
0.053194         0.018753         0.079473        
0.045747         -0.029337        -0.018099       
-0.082005        -0.020125        -0.015225       
-0.030197        0.039075         -0.042160       
0.119287         0.067768         -0.000540       
-0.044773        0.065349         -0.047011       
-0.031714        -0.023672        0.020096        
-0.024349        -0.013657        0.021327        
-0.071967        -0.028125        -0.002029       
-0.020456        -0.005606        -0.001092       
-0.022231        0.051006         -0.031128       
0.000434         -0.059445        -0.010822       
0.018366         0.005839         -0.022658       
-0.084360        0.044267         0.063335        
-0.011517        -0.032446        -0.027710       
0.055798         -0.002310        0.049471        
0.038495         0.074467         0.060342        
-0.002665        0.051520         -0.038062       
0.004700         -0.015789        -0.087740       
0.041379         0.068446         0.027712        
-0.085600        -0.049950        -0.061488       
0.002904         -0.046441        -0.052386       
-0.011322        -0.067930        0.069159        
0.041072         -0.035355        0.022192        
0.065285         -0.084672        -0.065803       
-0.010282        -0.013239        -0.004283       
0.010859         0.063487         0.061006        
-0.023374        -0.117553        -0.131283       
0.200934         0.183865         -0.015754       
0.003911         -0.353761        0.059889        
0.275248         0.170952         0.051553        
-0.031365        0.281951         0.108227        
0.001353         -0.253326        -0.019903       
0.082292         0.001624         -0.088361       
0.209301         -0.349635        -0.028876       
-0.112340        0.048240         0.015542        
0.009098         0.081799         -0.235763       
0.121687         0.055822         -0.067616       
-0.071592        0.301871         0.251465        
-0.004919        -0.141475        -0.146203       
-0.147255        0.011287         0.092418        
0.036990         0.329238         0.025105        
0.169959         -0.119123        -0.005424       
-0.146423        -0.063373        -0.148887       
-0.060658        0.101348         0.270793        
-0.113459        -0.004969        -0.064963       
-0.384204        0.043255         -0.056136       
0.009572         0.033832         -0.164332       
-0.049938        -0.081865        0.125874        
-0.140605        -0.039544        0.245318        
-0.091653        0.076946         -0.183159       
-0.082032        0.209707         -0.155803       
0.067411         -0.024061        0.259023        
0.075332         0.044715         -0.363055       
0.046860         -0.152132        0.341684        
0.091969         -0.163402        0.102243        
0.087835         0.040318         -0.209291       
-0.058938        -0.053121        -0.072277       
-0.107854        0.084680         0.132026        
0.054126         -0.163884        -0.044980       
0.033106         0.283532         0.261692        
-0.030870        -0.037063        -0.180168       
0.174336         -0.205605        -0.074622       
0.146560         0.385221         0.277962        
0.226281         -0.028192        -0.070409       
0.116609         -0.116370        -0.159321       
-0.121757        0.234682         -0.000498       
0.158867         -0.326374        0.112647        
-0.212219        -0.147373        -0.097621       
-0.273722        0.011617         -0.230426       
0.114513         -0.199656        0.233421        
-0.022532        0.138043         -0.227957       
-0.175294        -0.091520        0.194372        
0.123803         0.097311         -0.069862       
-0.005237        0.170092         0.088146        
-0.019471        -0.034254        0.024991        
-0.245350        0.309485         0.062169        
0.150385         0.147591         -0.008798       
-0.111383        -0.172272        -0.099090       
-0.139851        0.174277         0.209903        
-0.094415        -0.172574        0.050159        
-0.057882        -0.229522        -0.314847       
-0.045863        0.326644         0.060382        
0.039096         0.096691         -0.111656       
0.123269         0.058070         -0.152366       
0.064196         -0.099892        -0.092932       
-0.074044        -0.098039        0.314816        
-0.045148        -0.226204        -0.199525       
0.174855         -0.208402        -0.037689       
-0.076952        0.199535         0.169331        
-0.023886        -0.118307        0.051758        
0.019407         -0.086891        0.052691        
0.024882         0.010441         0.046806        
-0.011096        -0.175209        -0.022259       
-0.020265        -0.070321        0.048103        
0.002861         -0.168920        -0.021309       
-0.046705        0.033290         -0.086401       
-0.017547        0.324302         0.039260        
-0.093250        -0.031913        -0.091507       
0.085867         -0.149856        -0.086760       
0.005353         0.009371         -0.051752       
0.010630         -0.005860        -0.016743       
0.051378         0.055783         0.004195        
0.046893         0.008064         -0.046197       
0.007668         0.153099         0.016955        
0.002962         -0.160480        -0.005777       
0.008491         -0.159095        -0.022598       
0.030324         0.206527         -0.024176       
-0.021447        -0.212807        0.002595        
-0.020673        -0.232049        0.009602        
0.082577         0.088177         -0.024228       
0.044749         -0.123248        0.027653        
0.058949         -0.056696        -0.026050       
0.101275         0.006277         -0.018180       
-0.004817        -0.148791        0.030391        
0.004862         -0.243794        0.038842        
-0.054511        -0.124787        -0.009156       
-0.021173        0.235335         0.066844        
-0.078034        0.087750         0.011536        
-0.030912        -0.017440        0.008389        
0.029997         0.164891         0.019606        
-0.012992        -0.146194        0.029661        
0.033568         -0.162779        -0.054580       
0.030255         -0.020779        0.067472        
-0.035222        -0.136730        -0.071013       
0.020707         -0.155497        0.071953        
-0.035339        0.173734         -0.046853       
-0.059375        -0.176259        -0.027710       
-0.085958        0.000122         0.020575        
-0.001944        0.244850         0.074030        
-0.000722        0.091689         0.088416        
-0.038125        -0.244258        -0.042929       
0.058940         0.139265         0.021928        
0.010553         0.042231         -0.015468       
0.006275         0.156057         -0.032361       
-0.063038        0.277049         0.012186        
0.084921         0.126755         -0.036078       
0.025977         -0.115954        0.008374        
-0.005730        -0.086777        -0.039117       
0.024395         0.252503         0.004265        
-0.058285        0.027389         -0.057018       
-0.012641        0.083637         -0.095655       
0.022029         0.205079         0.073776        
0.017726         -0.070591        0.027742        
0.060494         -0.142762        -0.061994       
0.034498         0.114132         0.013727        
0.013499         0.184085         -0.036208       
0.061625         0.110954         -0.003336       
0.029482         0.069920         0.013520        
-0.043160        0.107661         0.000189        
0.021545         -0.113428        0.012316        
0.052161         -0.059418        0.011704        
-0.005936        -0.066536        0.012298        
0.051176         -0.198264        0.012602        
0.036541         0.020382         -0.088286       
0.015396         0.010365         0.256641        
-0.090364        0.038503         -0.076311       
0.019001         -0.075682        -0.171862       
-0.029879        0.083044         0.113673        
-0.011491        0.084054         0.171259        
0.028411         -0.009584        0.084370        
0.028120         0.035152         0.233152        
-0.056498        -0.008774        -0.105860       
0.025811         -0.040414        0.023853        
0.075119         -0.027144        0.157963        
0.020047         0.011596         0.303556        
-0.030482        0.009520         -0.225049       
0.060155         0.026155         -0.058964       
0.052580         0.064590         0.052379        
-0.013151        -0.049535        -0.183381       
-0.068341        -0.009727        -0.068145       
-0.058437        0.020755         0.207363        
0.017727         0.004869         -0.151978       
-0.030640        0.026022         -0.181497       
0.096369         -0.030489        0.159995        
-0.015000        0.045430         0.201110        
0.034568         -0.004398        -0.204712       
0.033110         -0.007336        -0.108133       
0.047898         -0.001670        -0.026248       
-0.003017        0.049678         -0.133676       
-0.020658        0.006345         -0.104104       
-0.016527        0.051476         0.054130        
-0.016363        0.015382         -0.134097       
0.034262         0.054593         0.047676        
-0.006401        0.034714         0.098095        
-0.046347        0.052216         0.051168        
0.036632         -0.004024        0.033291        
-0.034831        0.079075         -0.049382       
-0.073652        -0.038896        -0.095883       
-0.021716        -0.039026        -0.099371       
-0.036758        -0.051181        0.054656        
0.026813         -0.091613        -0.091470       
-0.081944        -0.035993        -0.116132       
-0.030644        -0.009907        0.186547        
0.001109         -0.065674        -0.079093       
-0.031172        0.035266         -0.311155       
0.001347         0.084139         0.105334        
0.050969         0.011838         0.110555        
0.018657         0.032245         0.155737        
-0.011818        -0.074310        -0.014710       
0.047881         0.014757         0.140915        
0.096336         -0.012167        0.048711        
-0.031416        0.008044         -0.068747       
-0.023505        -0.080977        0.042003        
0.012130         -0.074432        -0.109630       
-0.010608        -0.112282        0.062529        
0.025242         0.034248         0.182564        
-0.010262        -0.059735        -0.227634       
0.096428         -0.059363        -0.098282       
-0.012047        0.056095         0.243538        
0.045321         -0.033173        0.264742        
-0.012937        -0.058671        -0.080439       
0.032156         -0.012762        0.077872        
0.005807         0.020099         0.190127        
-0.004435        0.045411         -0.332789       
0.099139         0.060295         0.035567        
0.002950         0.083335         0.171063        
-0.042555        -0.001914        -0.041948       
0.008101         -0.103415        -0.026229       
-0.138841        0.037654         0.040928        
0.018383         0.008853         -0.024237       
-0.204142        -0.004370        -0.007939       
-0.223578        0.017639         -0.039973       
0.082599         -0.038146        -0.064328       
-0.044866        0.060657         -0.100342       
0.010497         0.015248         0.010682        
-0.082489        -0.022952        -0.072257       
-0.215945        -0.010720        -0.008414       
-0.015100        0.017402         0.018464        
-0.004310        0.059595         0.048481        
-0.040984        -0.001782        -0.062155       
-0.157422        0.050123         -0.013989       
0.004400         -0.003454        0.039099        
0.016230         -0.083754        0.018752        
-0.131337        0.022837         0.029803        
0.085659         0.070581         -0.059866       
0.074109         -0.075906        0.027354        
-0.041773        -0.004197        -0.055673       
0.180097         0.001410         0.017955        
-0.111387        0.046002         0.007940        
-0.085949        0.072372         0.005125        
-0.100963        0.040484         0.012666        
-0.102690        0.106989         0.063484        
-0.069866        -0.023044        0.029113        
-0.071633        -0.009959        -0.038062       
-0.231150        0.042632         0.019215        
0.054162         -0.050028        -0.043760       
-0.113400        0.015087         -0.020069       
0.038982         0.001608         0.037034        
0.159975         -0.002766        -0.058290       
-0.091868        0.013755         0.024812        
0.065572         0.036715         0.056286        
0.136850         0.006876         -0.027827       
0.024450         0.056219         0.041830        
0.186608         -0.019621        -0.035999       
-0.063578        -0.054985        0.008414        
0.024583         -0.068473        -0.021196       
0.158993         -0.059021        -0.005731       
0.308746         -0.043948        -0.018486       
0.044248         0.010817         -0.003872       
-0.112202        0.054740         0.005362        
0.099816         0.017660         0.080919        
0.173001         0.037367         -0.029168       
0.153832         -0.031344        -0.010855       
-0.118636        0.048525         -0.040607       
-0.048567        0.020707         0.043617        
-0.007905        -0.019520        0.008662        
0.027881         0.033999         -0.022311       
0.191380         -0.073492        -0.037972       
0.005414         -0.036842        -0.023241       
0.016172         -0.017947        0.038295        
-0.096439        -0.025540        -0.045181       
-0.110912        0.016432         0.061607        
-0.082580        0.023160         -0.007109       
-0.086329        -0.095325        0.033785        
0.098521         0.055045         -0.026675       
0.076027         -0.015797        0.024547        
0.193569         -0.004548        0.067708        
-0.187520        0.013871         -0.009567       
-0.126398        0.076823         0.033290        
-0.107886        0.021357         -0.003336       
-0.118769        -0.017455        -0.074634       
-0.001404        -0.038975        -0.055202       
