0.215218         0.107516         -0.225815       
-0.164292        -0.203978        0.039707        
-0.045385        -0.295092        0.068823        
0.034635         -0.011235        0.096602        
-0.302439        -0.048150        0.089427        
-0.320874        0.042307         -0.265589       
0.384052         0.145713         0.330807        
-0.100745        0.171681         0.348565        
-0.043849        -0.265426        -0.366504       
-0.079068        0.070372         0.582649        
0.141462         -0.081220        0.147733        
-0.551518        -0.005083        -0.107433       
-0.095255        -0.057308        0.147318        
-0.265288        0.257991         0.133761        
-0.360350        0.071729         -0.176969       
0.134945         -0.265979        0.121675        
0.239860         -0.278068        -0.003919       
-0.183666        0.007093         -0.116589       
-0.434515        0.148501         0.417642        
-0.471484        0.054920         -0.396702       
0.059482         0.000248         -0.030583       
0.111559         0.392330         0.145069        
-0.180272        0.140489         0.255180        
0.068208         0.009493         -0.191547       
-0.116952        0.038601         -0.183695       
0.239721         -0.469180        0.109654        
-0.427835        -0.282124        0.203153        
-0.063546        -0.000326        -0.049276       
0.273885         0.369207         -0.132473       
0.271941         0.373554         0.229844        
0.354056         0.050463         -0.129976       
0.208823         -0.146787        0.113366        
-0.211579        0.232630         -0.375234       
-0.013025        0.329216         -0.039151       
-0.051444        -0.011094        0.082641        
-0.095273        0.533514         0.395620        
0.151142         -0.507032        -0.276075       
0.075120         0.098040         0.118259        
-0.220526        0.000111         -0.059891       
0.110418         -0.082141        0.389923        
0.562378         0.027421         0.068271        
-0.109157        -0.170238        -0.018748       
0.369691         0.208971         0.029156        
0.470838         -0.378338        -0.302003       
-0.427867        -0.054846        -0.121902       
-0.425236        -0.256574        0.244190        
0.005730         0.041304         -0.260576       
-0.402702        -0.073606        -0.199953       
-0.219843        -0.022581        -0.088963       
-0.109076        0.268179         0.345808        
0.011808         -0.131002        0.064232        
0.404573         0.187847         -0.232597       
0.004331         -0.040994        0.374766        
-0.022096        -0.337912        -0.378063       
0.029935         0.043572         0.220340        
-0.101078        0.093761         0.240776        
-0.347459        -0.265469        -0.041705       
-0.294782        -0.191843        0.167152        
-0.165016        -0.124641        -0.277877       
0.229217         -0.261068        -0.117698       
0.126863         -0.281528        -0.041163       
0.335826         0.225670         0.338192        
0.142226         0.078949         -0.073910       
0.113285         -0.375150        -0.288918       
0.048874         0.399284         -0.335080       
0.349332         -0.711526        0.781614        
0.872069         -0.835901        0.064967        
-0.855323        0.629767         -0.259620       
-0.156124        -1.458212        0.211497        
0.480528         0.996036         0.685969        
-0.128009        0.034477         -1.029320       
-0.205212        -0.670342        -0.747677       
-0.000057        0.491363         -0.362505       
-0.813409        0.058833         0.438851        
-0.808424        -0.595598        -0.585932       
-0.261022        0.193074         -0.819235       
0.022770         0.578520         0.906484        
-0.270558        -0.281153        -0.566221       
0.087675         1.369335         0.355880        
-0.405394        -0.380001        -1.083271       
0.678547         -0.048081        -0.986966       
-0.498881        0.914267         -0.178401       
-0.272070        0.529296         0.655021        
1.437336         0.249688         0.286425        
-0.244468        0.505516         1.550386        
0.009968         -0.954295        -1.226445       
-0.703862        -0.078461        -0.421657       
0.252934         -2.053329        -0.354253       
0.934543         0.256215         1.141978        
0.298486         1.704171         -0.365343       
0.448596         0.488102         -0.185099       
-1.231359        1.268833         -0.598173       
-0.805250        -0.806511        -0.475908       
0.018730         -1.385204        0.167760        
-1.296774        -0.555527        -0.854459       
-0.559738        -0.165886        1.562457        
0.486420         0.932671         0.745471        
0.740702         -0.464498        -0.866713       
0.085026         0.445223         -0.699038       
-0.776480        1.178664         0.397241        
0.756924         -0.890438        -0.464473       
0.254633         1.327126         -0.042452       
0.225511         0.311755         1.032053        
-0.206306        0.001425         -0.359194       
0.320000         -1.256585        -0.348098       
-0.233394        -0.521003        1.095332        
0.605213         -0.313743        -0.732286       
0.686308         -0.903852        0.746413        
0.415013         1.165323         -0.480196       
0.772761         -0.490691        0.838644        
1.434467         -0.607480        -1.120993       
0.051685         0.414891         0.786965        
-1.054541        1.545918         0.233699        
-0.121207        -0.839291        -0.898755       
-0.914311        -0.656177        0.808989        
0.213957         1.191542         -0.093578       
-0.191039        -1.467372        -0.635380       
-0.832046        0.966012         -0.034869       
0.579074         0.844135         0.815292        
-0.239963        -0.436170        -0.728400       
-1.201712        0.900789         0.365714        
0.840811         0.181854         0.482727        
0.041820         -0.000469        0.534881        
0.717831         -0.592664        -1.153156       
0.521896         -1.090081        1.071793        
-0.726095        -0.463927        0.646086        
-0.217836        -0.004833        -1.318675       
0.508272         0.226723         -0.524222       
-0.142066        0.067581         -0.132094       
0.148825         0.493651         -0.086392       
-0.403321        -0.277936        0.195299        
0.209046         0.698447         -0.054812       
-0.124499        0.087828         0.226629        
-0.163349        -0.605347        -0.392617       
0.000860         0.442035         0.225180        
0.172809         -0.748581        -0.163590       
-0.203484        0.157239         -0.081362       
-0.075840        -0.248714        0.042703        
0.240628         0.444956         -0.126584       
0.387795         0.516649         -0.204289       
0.362537         -0.059643        -0.278860       
0.116942         0.107616         -0.163571       
0.295327         -0.469891        0.022557        
0.277521         -0.177809        -0.143375       
0.193038         0.091494         -0.227175       
0.046335         -0.561923        0.187485        
0.203109         -1.544901        0.087591        
-0.273379        0.749143         -0.330598       
0.003880         -0.820850        0.284818        
-0.151373        -0.642296        -0.059815       
0.060264         1.266349         0.029393        
-0.257337        0.772373         -0.026936       
0.066121         0.381645         -0.418794       
-0.245879        -0.424253        0.049214        
-0.049622        -0.772050        0.087402        
-0.025518        1.312062         0.013726        
0.317174         0.127948         -0.069146       
-0.400899        0.481033         -0.062297       
-0.037288        0.908186         -0.183754       
-0.232791        -0.837762        0.172656        
0.152785         -0.389679        -0.314670       
-0.580593        -0.002594        0.268058        
-0.503820        -1.262572        0.009332        
0.080145         -1.120354        -0.202417       
-0.485979        0.309327         0.027171        
0.292656         0.279334         -0.022765       
-0.023399        0.723332         -0.053115       
-0.084888        -0.675034        -0.375850       
-0.385023        0.216756         0.057653        
-0.160511        0.680916         0.027466        
0.099739         0.638314         -0.238084       
-0.419669        0.638922         -0.053631       
-0.044483        0.321487         0.253959        
-0.088138        -0.427847        -0.472545       
-0.556361        0.459393         0.464919        
-0.117366        0.620804         -0.099546       
-0.234343        0.155075         -0.136319       
-0.004338        1.191677         0.444386        
-0.141964        0.508905         0.294610        
-0.151877        -1.470840        0.146339        
0.268871         0.331652         0.306760        
0.399866         0.019654         0.120279        
-0.210265        -0.706718        -0.109695       
0.298414         -0.161729        -0.006041       
0.149046         0.699586         -0.070366       
0.014038         -0.560189        -0.429868       
-0.417405        0.180305         -0.155654       
-0.059551        0.896572         0.087677        
-0.117140        -0.781667        0.169207        
0.072471         -0.262360        -0.167033       
-0.081302        0.755245         0.230797        
0.205750         0.745541         0.253512        
-0.123679        -0.103581        -0.707584       
-0.095448        0.227833         0.500473        
-0.206612        0.008966         -1.316780       
0.214955         0.042752         0.941033        
0.030062         0.253872         1.590609        
0.164844         0.046132         -0.852579       
-0.172955        0.170055         -0.641300       
0.028117         -0.022491        1.195291        
0.200808         -0.056704        1.453033        
-0.101208        -0.008769        0.083019        
0.027601         -0.255844        -0.076092       
0.349247         0.148582         0.515303        
0.186508         -0.073878        1.139825        
-0.011391        -0.165847        -0.712574       
0.100953         -0.295432        -0.257107       
0.173213         0.100730         0.311032        
-0.248787        -0.298049        0.347215        
0.143766         0.361835         0.332180        
-0.041618        -0.297583        0.011681        
-0.261261        -0.366580        -0.130169       
0.157052         0.182346         -0.362140       
0.047586         0.071914         -0.683343       
0.218595         0.151063         1.246550        
0.003798         0.022487         0.558375        
-0.244884        -0.255471        -0.269753       
-0.040531        -0.070835        -0.060311       
0.011297         -0.039824        0.942807        
-0.126480        -0.549021        0.604796        
-0.089316        0.021604         1.110955        
0.246237         0.166388         -0.940777       
-0.090364        0.382278         0.430272        
-0.236052        0.367288         -1.341216       
-0.072469        -0.357763        -0.769819       
-0.097246        0.029033         1.165953        
-0.032729        -0.283902        -0.563777       
0.094863         -0.139838        1.339171        
-0.527375        0.329634         0.992380        
-0.191256        -0.126874        -0.494579       
-0.198963        -0.139090        -0.519663       
-0.120852        -0.165829        0.640515        
-0.319779        0.180926         -0.126407       
-0.115805        0.183147         -0.962434       
-0.385941        -0.223581        0.259266        
0.014379         0.273076         -0.209613       
-0.232863        -0.201128        0.032375        
-0.344642        -0.437225        -0.228548       
-0.530179        0.573723         0.386429        
0.020343         0.127656         0.015237        
0.241173         -0.400897        -1.006504       
0.116455         0.121226         0.558631        
0.174682         0.023505         -0.925916       
-0.167970        0.005949         -0.061882       
-0.071798        0.063779         0.297021        
0.116555         0.063546         1.296209        
0.106484         -0.405408        -0.855531       
0.029761         -0.199102        0.020071        
0.207422         -0.034911        -0.217280       
0.082800         -0.078142        -1.357427       
-0.008529        -0.130559        1.088251        
-0.393276        -0.122021        0.002441        
-0.003024        0.341002         -0.205702       
-0.017759        -0.108300        -1.052380       
-0.181978        0.032351         -0.322369       
-0.357113        0.043155         0.507331        
0.877836         -0.032008        0.230513        
-0.736794        0.306283         0.154074        
0.595980         0.040469         -0.055356       
-0.145135        0.133676         0.484118        
0.333527         0.199222         -0.229790       
-0.586052        -0.300962        0.155450        
-0.451409        -0.056712        0.099890        
-0.496031        -0.192107        -0.092303       
1.028976         -0.392360        0.053515        
0.749747         0.106106         -0.180795       
0.786847         0.106370         -0.077074       
-0.419678        -0.057946        0.381212        
0.088302         0.220080         0.022241        
0.904015         0.057049         0.003724        
-0.402594        -0.107083        -0.077181       
-0.940622        -0.047712        0.283544        
0.132611         0.186037         0.096548        
0.442680         -0.073216        -0.183975       
0.518057         0.126080         -0.131041       
-0.215898        -0.188140        -0.189181       
-0.346689        0.083460         -0.207681       
-0.375851        0.063883         -0.191531       
1.110364         -0.043232        -0.036387       
1.129096         0.199581         -0.130595       
-1.708469        -0.037258        -0.350639       
0.540883         -0.135076        -0.190721       
-0.963108        0.074695         0.171224        
0.273813         -0.239073        0.120923        
-0.762090        -0.036346        -0.229258       
0.045459         0.032827         0.383133        
1.177064         -0.266466        0.090372        
0.505844         -0.181543        -0.150339       
-1.270707        0.047454         0.137694        
-0.832814        -0.391411        -0.113332       
0.298450         -0.236726        -0.125438       
0.434747         -0.087720        0.029755        
0.133316         0.053593         -0.297102       
-0.041406        0.138973         0.080164        
-0.987820        -0.329889        -0.274333       
-1.112248        0.117837         0.163308        
0.957638         -0.080899        0.148992        
1.046079         -0.213734        -0.091965       
0.167033         0.166021         -0.294304       
0.582874         -0.313556        0.126977        
0.037221         -0.241327        0.214557        
0.732408         0.438808         -0.120310       
0.223657         0.359532         0.019466        
1.862811         -0.015651        -0.051199       
0.705341         -0.646643        0.045616        
0.624120         0.194875         0.062365        
0.073725         0.130347         -0.100970       
-0.649667        -0.156279        -0.238755       
0.583363         0.310603         -0.106117       
0.198194         -0.359373        -0.170324       
0.991187         -0.116016        -0.146862       
1.251164         0.095595         -0.064415       
0.068771         0.126811         0.060567        
-1.457160        -0.002203        -0.293488       
0.360760         -0.414900        0.265797        
-0.680944        0.183685         -0.087539       
0.190109         0.046291         0.026087        
0.168752         0.023229         0.030201        
0.308926         0.036767         0.452766        
-0.612508        0.251572         -0.235132       
