-0.441026        -0.216631        0.375627        
0.254550         0.332124         -0.157595       
0.267868         0.366502         0.005898        
-0.082787        0.298560         0.144987        
0.030513         -0.149160        0.900183        
0.381419         -0.137297        -0.328712       
0.395390         0.354027         0.384180        
-0.145129        -0.171004        -0.547624       
0.203841         0.484069         -0.486718       
-0.376769        -0.212888        0.363439        
-0.290590        0.222512         0.118580        
0.461968         0.516021         -0.021029       
-0.059482        -0.172001        -0.199246       
-0.339826        -0.143349        0.726693        
0.119952         -0.488036        -0.575614       
0.327989         -0.301021        -0.155282       
-0.147275        -0.410258        -0.203775       
-0.383011        -0.369962        0.460108        
-0.273597        0.070625         -0.108936       
0.147437         -0.112332        0.062424        
-0.480825        0.163375         -0.305991       
-0.583244        0.729506         -0.213006       
-0.803870        0.431182         -0.368468       
0.280099         0.085185         0.413190        
-0.500747        0.463484         0.157996        
0.544228         -0.213987        0.143439        
0.126688         0.191602         -0.343547       
0.112989         0.583819         0.512953        
-0.085350        -0.594358        0.119340        
-0.436011        -0.421968        0.057849        
-0.119432        -0.143464        0.628591        
-0.078997        -0.134781        -0.239645       
-0.292321        -0.553978        -0.160928       
-0.275138        -0.146090        0.193607        
0.223424         -0.060946        0.146030        
-0.215837        -0.138585        -0.236359       
0.030120         -0.038056        0.005155        
0.385277         0.426862         0.177701        
0.240674         0.407354         0.001317        
0.060472         0.311983         -0.011699       
-0.011748        -0.014651        -0.228925       
-0.594043        -0.563300        0.476561        
0.093938         -0.593617        0.373774        
-0.089763        0.375297         -0.361038       
0.340737         0.047596         -0.239475       
0.339625         0.016267         0.129357        
-0.468334        -0.047874        0.218483        
-0.287104        -0.367524        0.341947        
0.227971         0.427745         0.412661        
0.148574         0.609486         -0.359113       
-0.092564        0.257886         0.274713        
-0.234935        0.729075         -0.312013       
-0.098405        -0.280676        0.001832        
-0.054156        -0.305284        -0.343482       
-0.188105        0.297687         0.163276        
-0.304535        0.025634         0.451738        
-0.012447        0.534119         -0.623820       
0.629342         -0.128409        -0.158077       
0.185290         0.065283         0.330662        
-0.429610        0.464027         0.388982        
-0.067912        -0.621658        0.541352        
-0.063102        -0.248814        -0.088377       
0.338576         -0.092825        0.094923        
-0.263929        -0.888784        -0.328061       
-2.864977        1.633535         0.698054        
-0.325754        -0.239529        0.476643        
-0.958864        -0.442671        -1.301048       
0.070674         0.313570         0.473981        
0.324771         -1.442754        1.154811        
0.026797         -1.112803        -0.093766       
-2.054798        0.054895         -1.167022       
1.183026         1.805930         0.702901        
1.345870         -0.143584        -1.351090       
-0.671283        1.181323         1.855907        
-0.526289        0.535587         1.031653        
0.148703         -1.027406        -0.913939       
0.115547         -0.016027        -0.965505       
-0.953271        -0.019908        -0.908394       
1.930310         -0.850376        0.814390        
-1.194108        -0.934876        1.196131        
0.991611         -0.725027        -0.667131       
0.004852         -0.924136        0.402762        
0.307065         -0.556620        1.602208        
-0.358834        -0.209359        0.095019        
-2.237383        1.280859         1.284378        
0.206007         2.493970         -0.393742       
0.896977         1.509427         -0.297609       
0.699165         0.140920         -1.040369       
-2.190898        -0.459225        -0.165231       
-0.603072        -1.771165        -0.519784       
0.464685         1.390953         0.815125        
-1.104354        1.060953         -0.963605       
0.837765         -0.132314        -1.311139       
-1.050505        0.863122         1.193303        
-1.168917        -2.538961        0.008598        
0.846995         -0.240122        -1.085599       
2.456298         0.660495         -0.118989       
0.644737         1.847491         0.561074        
1.381944         -0.904128        0.121057        
1.153231         1.684214         -0.308489       
0.887922         -0.910430        -0.050649       
-0.643965        -1.895357        2.073402        
0.313049         1.536051         -0.616271       
1.020269         -0.161127        -0.906196       
1.172065         1.407511         -0.925018       
-0.049306        0.908383         0.964795        
-0.007331        -1.893028        1.738450        
0.426772         -0.536699        -2.090247       
-0.344052        -1.292903        -0.825605       
0.691701         -1.209997        0.688470        
-0.108619        0.906114         -0.556446       
-1.723285        -2.121406        0.426266        
0.683235         -0.290096        0.152505        
0.059471         0.386138         -0.833210       
-1.077703        1.694988         0.168294        
0.083231         -0.270863        0.284980        
0.669615         -1.095728        0.383973        
0.564165         1.416790         0.978868        
1.208223         -0.471446        -0.970313       
-2.255427        0.520541         -0.074214       
-0.381448        1.593499         -0.595891       
1.225829         0.199292         -0.152640       
-0.124707        -0.404547        -1.221984       
-0.165569        -2.071724        1.335986        
-0.054540        0.142735         -0.941599       
1.316153         -1.227086        -0.214312       
-0.638120        -1.100363        -0.243210       
2.173375         1.043508         1.227233        
0.166703         -1.350468        0.021711        
0.472455         -1.592849        0.036357        
-0.050374        0.132530         -0.028361       
0.185314         0.952057         0.337875        
0.470178         -0.671983        0.458789        
-0.292930        0.454705         -0.233110       
0.461083         -1.458307        0.427683        
0.014443         -0.848346        -0.166556       
-0.062456        2.226855         0.309546        
0.326700         -0.400493        -0.161273       
0.115411         0.059247         -0.112580       
-0.007848        0.641470         -0.138789       
-0.260659        0.011573         0.131519        
0.377748         0.110480         0.001771        
-0.677577        0.793204         -0.159691       
-0.083460        1.146937         0.505696        
0.202635         1.615767         0.119390        
0.018461         1.102871         0.391823        
-0.105227        2.802150         -0.174840       
-0.223320        -0.400950        0.327001        
0.017032         -0.677334        0.334348        
-0.007684        -2.284506        -0.148529       
-0.315441        -1.389872        0.184404        
0.182640         -0.895593        -0.124290       
-0.175759        0.208596         -0.031530       
-0.342970        1.209027         0.108871        
-0.337685        -0.110006        -0.098264       
0.105905         -1.311068        0.192503        
0.130302         1.129535         0.003316        
0.340499         0.505252         -0.274380       
0.011393         -0.478317        0.160728        
-0.423858        -0.321291        -0.231921       
-0.216351        0.575446         -0.069744       
0.185082         -1.079908        0.014215        
-0.353747        -0.875523        -0.316587       
-0.004643        2.084770         0.025832        
-0.290042        0.161381         0.368595        
0.236233         -0.823845        0.079318        
-0.490041        -0.167950        0.195961        
-0.640076        -0.931554        0.513647        
-0.183902        0.391036         0.118261        
0.141515         2.035827         -0.048574       
0.293240         -0.931751        0.294893        
-0.751917        -0.104778        -0.000171       
-0.419327        0.047025         -0.099594       
-0.037626        1.505263         -0.235495       
0.248426         1.741698         -0.111472       
0.159056         2.384146         -0.201660       
-0.042367        -0.690762        -0.335456       
0.092774         -1.121664        0.062817        
-0.476841        -1.767072        0.079810        
0.036262         -1.174088        0.238586        
0.109296         0.909197         0.275522        
-0.004799        -1.087316        0.149704        
0.323611         0.198737         0.283391        
0.688763         1.308937         -0.115367       
0.460224         -1.867318        -0.132018       
0.130938         -0.646471        -0.321123       
-0.200388        -0.240118        0.537759        
0.076495         -1.397250        -0.309648       
-0.388654        0.524475         0.522644        
-0.154771        1.292637         -0.006336       
0.227141         1.444927         -0.454772       
-0.451849        1.274598         0.024897        
0.210707         -0.354494        -1.561107       
0.451205         0.211754         -1.306484       
0.169075         0.273590         2.279857        
0.488790         0.281883         -0.969655       
0.074135         -0.284064        -1.583758       
0.287130         -0.164628        0.264400        
0.070298         0.276931         1.295333        
0.364496         -0.494739        -0.570765       
-0.271935        0.222976         0.125895        
-0.248621        -0.101099        -1.811303       
0.221889         0.146558         -0.437254       
-0.026969        -0.591681        0.085476        
-0.241070        0.125269         0.125028        
0.340600         0.067344         0.107222        
-0.153811        0.413058         0.341545        
-0.147836        -0.021925        -1.332596       
0.197798         -0.176524        -0.107998       
0.158949         0.393160         -1.038631       
-0.048254        -0.107085        -1.876247       
-0.167785        0.412454         -0.766125       
0.405968         0.022592         1.325873        
0.305608         -0.516363        -0.302736       
-0.493179        -0.356740        -0.028194       
-0.151869        -0.302789        -0.720977       
-0.264571        -0.059014        1.507699        
0.437837         -0.169270        -0.545989       
-0.095608        0.057247         -0.686114       
-0.123137        0.054766         0.645527        
-0.509631        0.250997         0.669043        
0.021848         -0.513209        1.595722        
0.202376         0.315383         -2.069355       
-0.292201        0.033239         1.118353        
0.006392         -0.432018        -1.631966       
-0.528815        -0.221786        0.625575        
0.121583         0.064970         -1.317527       
-0.729391        -0.098916        0.807115        
-0.414900        0.095405         1.810793        
-0.204223        0.079851         -2.333127       
-0.003907        -0.279882        0.310584        
-0.420072        0.054415         -1.754313       
-0.057111        -0.292265        2.756859        
-0.563936        -0.547592        -1.137429       
-0.041553        -0.242982        -0.865900       
-0.105101        -0.236264        0.145564        
0.358205         -0.068685        0.935102        
-0.495590        -0.083846        0.015858        
0.261114         0.364008         -0.329002       
-0.019715        -0.521710        0.494695        
-0.191646        -0.244138        -1.091275       
0.439375         0.245256         1.297674        
0.146189         -0.240116        -0.309518       
0.284537         0.126351         -0.881579       
-0.359354        0.108403         0.430297        
0.232469         0.140367         -1.312900       
-0.299193        -0.096474        -0.803551       
0.873283         0.208071         0.358259        
-0.503193        0.024908         -0.517490       
0.514466         -0.050583        -0.123520       
-0.333148        0.534829         1.174635        
0.346027         -0.250604        0.729001        
-0.565505        0.222345         0.357339        
0.156260         -0.155468        0.273561        
0.071393         0.234848         1.589510        
-0.058258        0.485787         -1.774827       
0.390425         0.109941         0.138787        
-2.174136        0.207799         -0.111224       
1.584221         0.038875         -0.039176       
-0.628775        0.031421         0.114293        
-2.160514        0.244656         0.055333        
0.340954         0.081589         0.133079        
0.521547         -0.084219        0.716923        
-0.698215        -0.437585        -0.233491       
0.180909         -0.368997        0.611881        
-0.682657        0.167580         -0.360050       
-1.249104        0.191788         0.247306        
0.274491         0.043111         -0.360381       
1.656356         0.310507         0.093662        
-0.841861        0.400691         -0.055431       
-0.656509        -0.195060        -0.127537       
0.559080         -0.030385        -0.167704       
0.359048         0.217312         0.562573        
2.270991         -0.230527        0.216044        
-0.794357        0.149752         0.495990        
0.511615         -0.103914        -0.004802       
0.692996         -0.019728        -0.250059       
0.820084         0.048983         -0.135005       
-0.166247        -0.441161        0.247573        
-1.475872        -0.218602        -0.291582       
0.631842         -0.356843        0.171806        
1.272191         -0.212502        0.257085        
1.577873         -0.422785        -0.037760       
-0.392185        -0.087243        0.041142        
-1.654562        -0.070037        0.032150        
-0.301181        0.000074         -0.415677       
-1.015068        0.564836         0.088946        
1.106709         0.253227         0.040089        
-2.128311        -0.217930        0.543733        
-0.754401        -0.036329        -0.230677       
-0.068838        0.123287         0.467659        
0.829585         -0.023873        0.369501        
1.916624         -0.060297        -0.069707       
0.641187         -0.350556        -0.267306       
0.143253         -0.301806        0.510635        
0.372658         0.150305         0.427366        
1.494182         -0.097027        0.548733        
-0.455032        -0.128182        0.040186        
-1.259428        0.109523         -0.431695       
1.068247         -0.209303        -0.311035       
1.684961         -0.170790        0.202172        
0.804370         0.033640         -0.260057       
2.170700         0.154605         0.134509        
1.254038         0.436310         -0.074957       
-0.628005        -0.133948        -0.400595       
-1.114154        -0.145794        0.281705        
0.593660         -0.518667        -0.110077       
-0.984203        -0.621762        0.550481        
0.001843         0.122393         -0.284021       
-1.235035        -0.228731        -0.070008       
-0.901177        0.118666         -0.103608       
0.922621         0.047042         0.653378        
-1.468450        -0.017796        -0.406762       
-0.660384        -0.260981        0.220179        
0.942283         0.225990         -0.428415       
1.327404         0.332858         0.068687        
-0.889443        -0.066255        -0.417377       
-0.703466        0.471060         0.075764        
0.897738         0.239279         -0.191139       
-1.219116        -0.287481        -0.123219       
