-0.171027        -0.010656        -0.026651       
0.002758         -0.005709        -0.166925       
0.127796         0.094454         0.179172        
0.155956         0.062268         -0.036741       
0.133834         -0.079925        -0.012938       
-0.183255        -0.015394        0.161764        
-0.050809        0.099540         -0.021506       
0.053644         -0.052698        -0.054669       
0.116211         0.072460         0.029431        
-0.173026        0.007247         -0.113848       
-0.058776        0.035987         0.138420        
0.015559         0.079345         0.032662        
0.074937         0.047679         -0.058775       
0.016180         -0.047708        0.044159        
-0.087467        -0.130183        -0.054399       
-0.079579        -0.070846        0.067601        
0.043309         -0.042987        0.120820        
0.053869         0.046532         -0.151726       
0.036189         -0.001526        0.248087        
-0.118544        0.192906         -0.051640       
-0.040610        -0.007191        -0.125056       
0.081008         -0.102490        -0.012183       
-0.103360        -0.035995        0.185152        
0.004583         -0.119963        0.001383        
-0.098880        -0.042568        0.009379        
-0.042126        0.027301         -0.151303       
-0.237042        0.086527         0.046802        
-0.073711        -0.067773        0.020170        
-0.077069        0.051749         -0.042937       
-0.090236        0.072876         0.059821        
0.126916         0.037267         -0.207150       
0.206617         -0.048477        0.134389        
0.113233         -0.144213        -0.073608       
0.175796         0.096983         0.177179        
0.009470         -0.004866        0.067520        
-0.008324        -0.054812        -0.102751       
-0.108637        -0.048021        -0.050564       
0.044242         -0.008323        0.160613        
0.059117         -0.173538        -0.125816       
-0.032855        -0.211832        -0.064881       
-0.090849        0.196724         0.066219        
0.184279         0.058138         0.158391        
0.208383         0.031413         -0.147031       
-0.051968        0.192783         -0.037804       
0.033469         0.108931         -0.144026       
0.222389         -0.004044        0.083050        
-0.005756        0.004824         0.070421        
-0.096857        0.212640         0.021940        
0.073248         -0.106522        0.045050        
-0.131608        0.129650         -0.109086       
-0.112732        0.080556         0.065850        
-0.043184        0.011315         0.194481        
-0.014730        -0.132294        0.115090        
0.010154         -0.023116        -0.043645       
-0.022169        0.162600         0.056065        
0.029566         -0.074598        -0.093891       
0.058526         0.144331         0.068363        
-0.026104        0.096434         -0.018831       
0.082332         -0.044850        0.008558        
0.145547         0.103075         -0.165018       
-0.022283        0.057107         -0.080156       
-0.025167        -0.161105        0.120275        
0.039393         -0.215628        -0.057921       
-0.049068        0.009440         0.069949        
0.314899         -0.463112        -0.024347       
-0.237256        0.075864         0.260836        
0.057632         -0.401052        0.139756        
0.117596         0.154637         -0.379555       
0.252409         0.454199         -0.429836       
-0.585093        -0.099954        0.646611        
0.346403         0.192672         -0.429906       
0.143256         0.092114         0.238925        
-0.340210        -0.086537        -0.518201       
0.344773         0.419609         0.430157        
-0.488236        -0.619163        -0.097507       
0.079156         -0.219769        0.370687        
0.222157         0.130750         -0.317121       
-0.028722        -0.553358        0.083344        
0.034396         0.778275         0.068991        
-0.289735        0.091546         0.077829        
-0.446295        0.011611         0.187469        
0.789833         0.163004         -0.041074       
-0.306346        -0.364976        -0.001688       
-0.490303        -0.129817        -0.167743       
-0.574143        -0.008551        -0.071556       
0.532535         -0.329113        -0.156496       
-0.655328        -0.118369        0.281209        
-0.650316        0.007539         -0.040022       
0.299526         -0.063569        -0.383809       
-0.040693        0.460532         0.300332        
0.060524         0.608870         0.138715        
-0.551760        0.323435         0.036289        
-0.577765        -0.018190        -0.362327       
-0.077769        -0.230240        0.329236        
0.357985         -0.071825        -0.281436       
0.496634         -0.243279        0.148276        
0.488495         -0.610722        0.389283        
-0.543952        -0.018119        -0.147716       
0.136579         0.027059         -0.047871       
0.362320         -0.312022        -0.272291       
0.526892         0.081730         0.699137        
0.092738         0.182658         -0.163492       
0.551980         -0.129961        -0.768206       
0.220050         -0.190803        0.225634        
0.075104         0.044360         0.565768        
0.074100         -0.193182        -0.097871       
0.261110         0.154679         -0.369070       
0.307530         0.759145         -0.077097       
0.356584         0.420854         0.098461        
-0.132386        0.132774         -0.315075       
-0.651641        0.005749         0.268315        
-0.060014        -0.257593        -0.081690       
-0.330894        -0.283491        -0.233544       
-0.144480        0.501687         -0.258492       
0.207988         0.242518         0.205072        
-0.016080        -0.759665        0.244324        
-0.257414        0.215951         0.626737        
0.145612         0.034187         -0.035408       
-0.246434        0.154079         -0.483909       
0.255939         0.527671         -0.150886       
-0.082142        -0.258020        0.349871        
-0.375797        0.080676         -0.035650       
0.150392         -0.325026        -0.393551       
0.089828         0.326726         0.124801        
-0.013313        0.392365         -0.624239       
0.121994         -0.569304        0.174889        
0.266439         -0.008829        -0.140087       
-0.132797        0.052465         0.663186        
-0.123329        0.198336         -0.014950       
-0.022286        0.466128         -0.051157       
-0.059353        -0.584917        0.057720        
0.026131         -0.150264        0.023464        
-0.017576        0.439295         0.138483        
0.015450         0.194249         0.056518        
-0.008600        -0.052491        0.054438        
-0.009368        -0.145256        -0.074953       
-0.066441        -0.288730        0.129717        
0.112624         0.220057         -0.015411       
-0.018506        -0.038278        0.065254        
0.027688         -0.129389        0.067626        
-0.019393        -0.372604        0.122482        
0.042773         -0.308797        -0.083499       
0.149442         0.385873         0.141819        
0.081272         0.220005         -0.049658       
0.193843         0.136304         -0.080412       
-0.089736        -0.359343        -0.064393       
-0.064894        0.302462         0.033321        
0.019105         0.128935         0.114853        
-0.022486        0.305563         -0.099594       
-0.137392        0.267720         0.158099        
0.054506         -0.102255        -0.065851       
0.224798         0.094025         -0.033018       
-0.067785        -0.051219        0.046305        
-0.013619        -0.402216        -0.034002       
-0.021677        -0.129323        0.085337        
0.020594         -0.193924        -0.060273       
-0.024612        -0.316831        0.021853        
-0.032319        -0.183801        -0.206566       
-0.131786        -0.389437        -0.077026       
-0.009207        -0.050893        0.035909        
-0.236511        -0.227183        0.039032        
-0.057944        -0.409763        0.055949        
0.103688         -0.201135        0.068355        
-0.162145        0.353238         0.057741        
-0.082578        0.611275         -0.301718       
0.046651         0.066951         0.064931        
-0.066708        0.466584         -0.002670       
0.008205         0.297443         0.087745        
-0.121573        -0.610463        -0.025659       
-0.005570        0.063018         0.023913        
-0.036290        -0.014846        0.033142        
-0.093496        -0.610007        -0.012875       
0.031307         0.174714         -0.089701       
-0.013102        0.152248         0.100657        
0.022318         -0.518431        -0.042671       
0.073856         -0.401661        -0.058595       
0.085164         -0.392089        0.062921        
0.026282         -0.319843        0.061218        
-0.065377        -0.488683        -0.029758       
-0.032528        0.443373         -0.114164       
0.150896         -0.048282        -0.092113       
-0.135947        -0.380610        -0.025752       
0.165760         -0.100419        0.000123        
-0.054888        -0.256172        -0.013391       
0.009824         -0.005962        -0.010394       
0.118114         -0.209717        -0.111892       
0.015249         -0.226316        0.080746        
-0.031207        -0.562987        0.083759        
-0.106665        0.116845         0.068355        
0.017515         0.499269         0.014713        
-0.048830        0.332688         0.178614        
0.011405         0.105085         -0.096439       
0.042492         0.039626         0.075502        
-0.071511        -0.080058        0.072460        
0.021057         0.085750         -0.649716       
-0.039226        0.068076         -0.061073       
-0.070210        0.079097         0.410956        
0.098043         -0.108443        -0.439227       
0.071600         -0.024661        -0.360008       
-0.097107        -0.080410        0.137543        
0.112451         0.037731         0.393261        
0.125497         0.005071         -0.148240       
0.069997         -0.027180        -0.371186       
0.050402         0.110173         -0.554883       
0.031439         0.066806         -0.188985       
-0.049207        -0.009988        0.459297        
-0.003680        0.032770         0.124417        
-0.008325        -0.078212        -0.392154       
0.056257         -0.075382        0.293890        
-0.000517        -0.102052        -0.213453       
-0.107339        0.114494         -0.149264       
0.086062         0.107915         -0.088253       
0.130186         -0.098024        0.488266        
-0.058494        0.123543         -0.312180       
-0.110247        0.043758         0.011187        
0.077990         0.149562         -0.076774       
-0.058234        -0.034143        0.357994        
-0.047420        0.054876         -0.372707       
-0.031576        0.019081         0.369804        
0.009282         -0.161990        -0.621060       
0.048821         0.047966         0.344239        
0.061357         0.024865         0.401783        
-0.083142        0.079773         -0.008649       
-0.169395        0.006966         0.065234        
-0.121332        0.171988         -0.144396       
-0.024701        0.022472         0.241290        
0.052500         0.110629         0.087069        
0.037516         0.037701         -0.022274       
-0.078377        -0.073357        -0.176901       
-0.133476        0.073042         -0.232912       
0.012782         -0.060747        0.365686        
-0.111150        0.077539         0.451517        
-0.150911        -0.082651        -0.295498       
-0.007464        -0.046483        -0.467868       
-0.129169        -0.023325        0.513075        
-0.149419        0.016609         0.190840        
-0.055830        -0.098058        -0.024181       
-0.078914        0.072309         -0.100325       
0.074181         0.082036         -0.213726       
0.064944         0.103818         -0.017557       
0.082575         0.139875         -0.441721       
-0.016780        0.067799         0.611722        
-0.077790        -0.043611        -0.494026       
-0.105228        0.154938         0.243021        
-0.044666        -0.036518        -0.705471       
0.006024         0.111124         0.209364        
0.040883         -0.046818        0.287001        
0.120290         0.024694         0.476437        
-0.030810        -0.077672        0.349038        
0.068625         0.034759         -0.412358       
0.013616         0.061943         0.069896        
0.004869         0.094749         -0.400328       
-0.052745        -0.082816        0.418759        
-0.010288        0.057437         0.090387        
-0.013709        0.198804         -0.141186       
-0.012118        -0.019812        -0.559975       
-0.038561        0.122625         0.058294        
0.266745         -0.084319        0.071126        
-0.212845        0.146442         0.079770        
-0.130730        0.134140         0.104663        
0.623882         -0.034429        0.027493        
0.316834         -0.077631        -0.059831       
-0.393158        0.000320         0.072197        
-0.269313        0.028089         -0.082014       
-0.040228        0.046108         0.058385        
-0.152091        -0.098433        0.037029        
-0.304817        0.027053         0.217167        
-0.443198        0.022687         -0.018005       
0.141795         0.004338         0.094252        
-0.104682        0.168230         -0.010708       
0.260906         0.026445         0.118893        
0.198321         -0.056006        -0.022270       
0.359250         0.036902         -0.086723       
-0.324547        -0.106417        0.023010        
0.321124         0.046632         -0.043037       
0.017010         -0.007325        0.141996        
-0.024773        -0.196832        0.132954        
-0.185900        0.010047         -0.027809       
0.576655         0.025558         -0.023405       
-0.067719        0.059752         -0.073722       
-0.064483        0.021608         0.051642        
-0.006930        0.005307         -0.130565       
0.289751         0.056517         0.104299        
0.156860         -0.028092        0.094396        
0.175833         -0.095393        -0.072140       
0.308380         0.127582         -0.117596       
-0.217438        -0.159363        0.017978        
-0.243511        0.057535         -0.064378       
-0.513948        -0.041047        -0.124154       
-0.170473        -0.050626        0.023821        
-0.185715        0.103631         0.100484        
0.061745         0.044785         0.138760        
0.458886         -0.024596        -0.144155       
-0.213498        0.013450         -0.074683       
0.382061         0.037646         0.113445        
0.333010         -0.029880        -0.102910       
-0.144070        0.050801         0.069955        
-0.327322        0.009901         0.080205        
0.260709         0.002007         0.024554        
0.590261         -0.099810        0.035812        
-0.067325        0.148342         0.042565        
-0.201398        0.102280         -0.115757       
-0.030301        0.103378         -0.075816       
-0.126005        0.146338         0.023498        
0.093191         0.166899         -0.119161       
0.568492         0.124050         -0.010259       
0.068995         -0.066208        0.027000        
0.079682         0.193478         -0.054342       
-0.519540        0.020964         -0.170021       
0.214738         -0.067569        -0.025553       
-0.549586        0.030099         0.045047        
-0.441975        0.046565         0.054276        
0.339976         0.079350         -0.065177       
-0.093093        0.034108         0.011484        
0.038923         -0.025002        0.093844        
-0.036593        -0.009682        -0.027761       
0.050248         -0.239835        0.002291        
0.336180         0.042976         0.002454        
-0.054451        0.023252         0.025807        
0.181021         -0.132227        -0.027993       
